6833421628 0 0 0 0 0 0 0 0 0 0 0 0 0 0 0 0 0 0 0 0 0 0 0 0 0 0 0 0 0 0 0 0 0 0 0 0 0 0 0 0 0 0 0 0 0 0 0 0 0 0 0 0 0 0 0 0 0 0 0 0 0 0 0 0 0 0 0 0 0 0 0 0 0 0 0 0 0 0 0 0
6833452337 0 0 0 0 0 0 0 0 0 0 0 0 0 0 0 0 0 0 0 0 0 0 0 0 0 0 0 0 0 0 0 0 0 0 0 0 0 0 0 0 0 0 0 0 0 0 0 0 0 0 0 0 0 0 0 0 0 0 0 0 0 0 0 0 0 0 0 0 0 0 0 0 0 0 0 0 0 0 0 0
6833481070 0 0 0 0 0 0 0 0 0 0 0 0 0 0 0 0 0 0 0 0 0 0 0 0 0 0 0 0 0 0 0 0 0 0 0 0 0 0 0 0 0 0 0 0 0 0 0 0 0 0 0 0 0 0 0 0 0 0 0 0 0 0 0 0 0 0 0 0 0 0 0 0 0 0 0 0 0 0 0 0
6833520334 0 0 0 0 0 0 0 0 0 0 0 0 0 0 0 0 0 0 0 0 0 0 0 0 0 0 0 0 0 0 0 0 0 0 0 0 0 0 0 0 0 0 0 0 0 0 0 0 0 0 0 0 0 0 0 0 0 0 0 0 0 0 0 0 0 0 0 0 0 0 0 0 0 0 0 0 0 0 0 0
6833553315 0 0 0 0 0 0 0 0 0 0 0 0 0 0 0 0 0 0 0 0 0 0 0 0 0 0 0 0 0 0 0 0 0 0 0 0 0 0 0 0 0 0 0 0 0 0 0 0 0 0 0 0 0 0 0 0 0 0 0 0 0 0 0 0 0 0 0 0 0 0 0 0 0 0 0 0 0 0 0 0
6833586303 0 0 0 0 0 0 0 0 0 0 0 0 0 0 0 0 0 0 0 0 0 0 0 0 0 0 0 0 0 0 0 0 0 0 0 0 0 0 0 0 0 0 0 0 0 0 0 0 0 0 0 0 0 0 0 0 0 0 0 0 0 0 0 0 0 0 0 0 0 0 0 0 0 0 0 0 0 0 0 0
6833615096 0 0 0 0 0 0 0 0 0 0 0 0 0 0 0 0 0 0 0 0 0 0 0 0 0 0 0 0 0 0 0 0 0 0 0 0 0 0 0 0 0 0 0 0 0 0 0 0 0 0 0 0 0 0 0 0 0 0 0 0 0 0 0 0 0 0 0 0 0 0 0 0 0 0 0 0 0 0 0 0
6833643619 0 0 0 0 0 0 0 0 0 0 0 0 0 0 0 0 0 0 0 0 0 0 0 0 0 0 0 0 0 0 0 0 0 0 0 0 0 0 0 0 0 0 0 0 0 0 0 0 0 0 0 0 0 0 0 0 0 0 0 0 0 0 0 0 0 0 0 0 0 0 0 0 0 0 0 0 0 0 0 0
6833686194 0 0 0 0 0 0 0 0 0 0 0 0 0 0 0 0 0 0 0 0 0 0 0 0 0 0 0 0 0 0 0 0 0 0 0 0 0 0 0 0 0 0 0 0 0 0 0 0 0 0 0 0 0 0 0 0 0 0 0 0 0 0 0 0 0 0 0 0 0 0 0 0 0 0 0 0 0 0 0 0
6833719242 0 0 0 0 0 0 0 0 0 0 0 0 0 0 0 0 0 0 0 0 0 0 0 0 0 0 0 0 0 0 0 0 0 0 0 0 0 0 0 0 0 0 0 0 0 0 0 0 0 0 0 0 0 0 0 0 0 0 0 0 0 0 0 0 0 0 0 0 0 0 0 0 0 0 0 0 0 0 0 0
6833747947 0 0 0 0 0 0 0 0 0 0 0 0 0 0 0 0 0 0 0 0 0 0 0 0 0 0 0 0 0 0 0 0 0 0 0 0 0 0 0 0 0 0 0 0 0 0 0 0 0 0 0 0 0 0 0 0 0 0 0 0 0 0 0 0 0 0 0 0 0 0 0 0 0 0 0 0 0 0 0 0
6833786150 0 0 0 0 0 0 0 0 0 0 0 0 0 0 0 0 0 0 0 0 0 0 0 0 0 0 0 0 0 0 0 0 0 0 0 0 0 0 0 0 0 0 0 0 0 0 0 0 0 0 0 0 0 0 0 0 0 0 0 0 0 0 0 0 0 0 0 0 0 0 0 0 0 0 0 0 0 0 0 0
6833819321 0 0 0 0 0 0 0 0 0 0 0 0 0 0 0 0 0 0 0 0 0 0 0 0 0 0 0 0 0 0 0 0 0 0 0 0 0 0 0 0 0 0 0 0 0 0 0 0 0 0 0 0 0 0 0 0 0 0 0 0 0 0 0 0 0 0 0 0 0 0 0 0 0 0 0 0 0 0 0 0
6833848015 0 0 0 0 0 0 0 0 0 0 0 0 0 0 0 0 0 0 0 0 0 0 0 0 0 0 0 0 0 0 0 0 0 0 0 0 0 0 0 0 0 0 0 0 0 0 0 0 0 0 0 0 0 0 0 0 0 0 0 0 0 0 0 0 0 0 0 0 0 0 0 0 0 0 0 0 0 0 0 0
6833886197 0 0 0 0 0 0 0 0 0 0 0 0 0 0 0 0 0 0 0 0 0 0 0 0 0 0 0 0 0 0 0 0 0 0 0 0 0 0 0 0 0 0 0 0 0 0 0 0 0 0 0 0 0 0 0 0 0 0 0 0 0 0 0 0 0 0 0 0 0 0 0 0 0 0 0 0 0 0 0 0
6833920718 0 0 0 0 0 0 0 0 0 0 0 0 0 0 0 0 0 0 0 0 0 0 0 0 0 0 0 0 0 0 0 0 0 0 0 0 0 0 0 0 0 0 0 0 0 0 0 0 0 0 0 0 0 0 0 0 0 0 0 0 0 0 0 0 0 0 0 0 0 0 0 0 0 0 0 0 0 0 0 0
6833954659 0 0 0 0 0 0 0 0 0 0 0 0 0 0 0 0 0 0 0 0 0 0 0 0 0 0 0 0 0 0 0 0 0 0 0 0 0 0 0 0 0 0 0 0 0 0 0 0 0 0 0 0 0 0 0 0 0 0 0 0 0 0 0 0 0 0 0 0 0 0 0 0 0 0 0 0 0 0 0 0
6833987689 0 0 0 0 0 0 0 0 0 0 0 0 0 0 0 0 0 0 0 0 0 0 0 0 0 0 0 0 0 0 0 0 0 0 0 0 0 0 0 0 0 0 0 0 0 0 0 0 0 0 0 0 0 0 0 0 0 0 0 0 0 0 0 0 0 0 0 0 0 0 0 0 0 0 0 0 0 0 0 0
6834020258 0 0 0 0 0 0 0 0 0 0 0 0 0 0 0 0 0 0 0 0 0 0 0 0 0 0 0 0 0 0 0 0 0 0 0 0 0 0 0 0 0 0 0 0 0 0 0 0 0 0 0 0 0 0 0 0 0 0 0 0 0 0 0 0 0 0 0 0 0 0 0 0 0 0 0 0 0 0 0 0
6834054709 0 0 0 0 0 0 0 0 0 0 0 0 0 0 0 0 0 0 0 0 0 0 0 0 0 0 0 0 0 0 0 0 0 0 0 0 0 0 0 0 0 0 0 0 0 0 0 0 0 0 0 0 0 0 0 0 0 0 0 0 0 0 0 0 0 0 0 0 0 0 0 0 0 0 0 0 0 0 0 0
6834087692 -0.258679 0.205141 2.975552 1.000000 -0.268265 0.274651 3.015891 1.000000 -0.279053 0.644531 3.002033 1.000000 -0.243276 0.822907 2.976748 1.000000 -0.435059 0.538574 2.986408 1.000000 -0.499512 0.271484 2.977095 1.000000 -0.488770 0.025360 2.923375 1.000000 -0.478271 -0.057220 2.917516 1.000000 -0.101685 0.529785 3.039142 1.000000 -0.047119 0.251221 3.047407 1.000000 -0.031586 0.033203 2.978063 1.000000 -0.035654 -0.057559 2.955194 1.000000 -0.330197 0.131830 2.959072 1.000000 -0.368164 -0.375000 3.068439 1.000000 -0.374756 -0.754395 3.125532 1.000000 -0.397949 -0.821777 3.102095 1.000000 -0.180179 0.127875 2.978604 1.000000 -0.153076 -0.398193 3.084064 1.000000 -0.160889 -0.777344 3.166548 1.000000 -0.141653 -0.830612 3.087069 1.000000
6834121268 -0.258659 0.205451 2.978917 1.000000 -0.268205 0.274893 3.019032 1.000000 -0.279120 0.644570 3.004767 1.000000 -0.238856 0.842756 2.974580 1.000000 -0.435103 0.538397 2.989142 1.000000 -0.499536 0.271606 2.978740 1.000000 -0.489418 0.028789 2.924984 1.000000 -0.478212 -0.057182 2.918510 1.000000 -0.101185 0.529417 3.041385 1.000000 -0.047150 0.251286 3.049052 1.000000 -0.031340 0.033788 2.979648 1.000000 -0.035933 -0.064162 2.954510 1.000000 -0.330221 0.132002 2.962421 1.000000 -0.368140 -0.375286 3.071555 1.000000 -0.374992 -0.754536 3.127555 1.000000 -0.399104 -0.825158 3.102221 1.000000 -0.180059 0.128071 2.981961 1.000000 -0.152893 -0.395087 3.086798 1.000000 -0.160866 -0.777190 3.168070 1.000000 -0.139912 -0.834519 3.118221 1.000000
6834155212 -0.258586 0.205650 2.980104 1.000000 -0.268083 0.275015 3.020145 1.000000 -0.279074 0.644454 3.005697 1.000000 -0.238757 0.849387 2.969837 1.000000 -0.435392 0.538245 2.990353 1.000000 -0.499451 0.271720 2.979699 1.000000 -0.492634 0.046134 2.928759 1.000000 -0.478858 -0.062452 2.917061 1.000000 -0.100936 0.529362 3.042124 1.000000 -0.046870 0.251622 3.049680 1.000000 -0.030696 0.030564 2.979544 1.000000 -0.036082 -0.067462 2.954077 1.000000 -0.330227 0.132049 2.963674 1.000000 -0.368254 -0.375525 3.072718 1.000000 -0.374992 -0.754551 3.128175 1.000000 -0.400269 -0.828169 3.100461 1.000000 -0.179852 0.128222 2.983059 1.000000 -0.153333 -0.395335 3.087638 1.000000 -0.161654 -0.777491 3.169273 1.000000 -0.141857 -0.832623 3.111006 1.000000
6834188313 -0.258462 0.205872 2.980945 1.000000 -0.267882 0.275144 3.020902 1.000000 -0.278900 0.644160 3.006373 1.000000 -0.238216 0.853565 2.970501 1.000000 -0.435518 0.538119 2.990838 1.000000 -0.499189 0.272205 2.979745 1.000000 -0.491618 0.044761 2.928195 1.000000 -0.477774 -0.057468 2.918644 1.000000 -0.100919 0.528314 3.041791 1.000000 -0.046646 0.252142 3.050192 1.000000 -0.030506 0.029149 2.979668 1.000000 -0.036223 -0.067471 2.954621 1.000000 -0.330151 0.132323 2.964520 1.000000 -0.368678 -0.376972 3.073828 1.000000 -0.375319 -0.755816 3.130557 1.000000 -0.418416 -0.832729 3.094616 1.000000 -0.179701 0.128301 2.983882 1.000000 -0.153693 -0.394566 3.087610 1.000000 -0.161097 -0.776479 3.169196 1.000000 -0.142114 -0.828094 3.112368 1.000000
6834231666 -0.258363 0.206325 2.981393 1.000000 -0.267604 0.275469 3.021284 1.000000 -0.278760 0.644100 3.006616 1.000000 -0.238330 0.856051 2.970499 1.000000 -0.435568 0.538191 2.991174 1.000000 -0.499295 0.272245 2.980205 1.000000 -0.491356 0.043986 2.926764 1.000000 -0.475255 -0.058809 2.915453 1.000000 -0.101114 0.527605 3.040557 1.000000 -0.046657 0.253190 3.050596 1.000000 -0.030186 0.028944 2.980465 1.000000 -0.035471 -0.067619 2.954689 1.000000 -0.330065 0.133003 2.964895 1.000000 -0.368815 -0.377530 3.074394 1.000000 -0.374572 -0.756006 3.130887 1.000000 -0.419483 -0.833095 3.106073 1.000000 -0.179632 0.128551 2.984412 1.000000 -0.153673 -0.393395 3.087667 1.000000 -0.160792 -0.774367 3.170162 1.000000 -0.142813 -0.825317 3.114932 1.000000
6834263736 -0.258361 0.206513 2.981690 1.000000 -0.267570 0.275690 3.021572 1.000000 -0.278679 0.644438 3.006986 1.000000 -0.239693 0.857290 2.967370 1.000000 -0.435815 0.538068 2.991513 1.000000 -0.499326 0.272310 2.980398 1.000000 -0.484375 0.000840 2.909633 1.000000 -0.471901 -0.080739 2.915047 1.000000 -0.101049 0.527635 3.040809 1.000000 -0.046831 0.253505 3.051061 1.000000 -0.030017 0.028420 2.981414 1.000000 -0.035570 -0.067598 2.954649 1.000000 -0.330145 0.133128 2.965313 1.000000 -0.368852 -0.377528 3.074613 1.000000 -0.374399 -0.755334 3.128728 1.000000 -0.413753 -0.832041 3.104392 1.000000 -0.179571 0.128710 2.984575 1.000000 -0.153822 -0.393725 3.087783 1.000000 -0.160443 -0.774124 3.169997 1.000000 -0.140300 -0.823506 3.101457 1.000000
6834305300 -0.258375 0.206619 2.982125 1.000000 -0.267542 0.275755 3.021937 1.000000 -0.278174 0.644120 3.007341 1.000000 -0.238784 0.858903 2.969253 1.000000 -0.435852 0.537968 2.991756 1.000000 -0.499332 0.272312 2.980490 1.000000 -0.484700 0.001420 2.910563 1.000000 -0.470858 -0.077905 2.913502 1.000000 -0.100829 0.527942 3.041272 1.000000 -0.046605 0.254158 3.051063 1.000000 -0.029416 0.028309 2.982613 1.000000 -0.033978 -0.066667 2.954316 1.000000 -0.330268 0.133110 2.965758 1.000000 -0.368873 -0.377787 3.074812 1.000000 -0.374146 -0.755161 3.129493 1.000000 -0.406160 -0.825535 3.101152 1.000000 -0.179590 0.128852 2.985062 1.000000 -0.153995 -0.393669 3.088007 1.000000 -0.160670 -0.775972 3.169977 1.000000 -0.140454 -0.829650 3.092064 1.000000
6834338175 -0.258352 0.206841 2.982413 1.000000 -0.267434 0.275996 3.022205 1.000000 -0.278118 0.644311 3.007548 1.000000 -0.237627 0.858426 2.965538 1.000000 -0.436197 0.537779 2.992215 1.000000 -0.499347 0.272282 2.980605 1.000000 -0.484309 0.001328 2.911205 1.000000 -0.470458 -0.076384 2.912254 1.000000 -0.100881 0.527903 3.041173 1.000000 -0.046339 0.254592 3.051481 1.000000 -0.029208 0.028314 2.983394 1.000000 -0.033572 -0.066290 2.954179 1.000000 -0.330292 0.133249 2.966014 1.000000 -0.369160 -0.377942 3.074791 1.000000 -0.374018 -0.755141 3.129347 1.000000 -0.405299 -0.824828 3.101211 1.000000 -0.179530 0.129032 2.985354 1.000000 -0.154168 -0.393856 3.088037 1.000000 -0.160694 -0.775943 3.169915 1.000000 -0.139784 -0.831863 3.086380 1.000000
6834372417 -0.258529 0.206876 2.982669 1.000000 -0.267665 0.275939 3.022423 1.000000 -0.278503 0.643349 3.007848 1.000000 -0.237333 0.858357 2.966240 1.000000 -0.436329 0.537550 2.992247 1.000000 -0.499155 0.272340 2.980628 1.000000 -0.483243 0.003463 2.911781 1.000000 -0.470180 -0.073052 2.910067 1.000000 -0.100824 0.527687 3.041790 1.000000 -0.046010 0.254616 3.051448 1.000000 -0.028831 0.027996 2.983837 1.000000 -0.033191 -0.066569 2.954263 1.000000 -0.330498 0.133230 2.966193 1.000000 -0.369177 -0.378192 3.074784 1.000000 -0.373985 -0.755058 3.129610 1.000000 -0.404543 -0.824420 3.101526 1.000000 -0.179675 0.129030 2.985700 1.000000 -0.154114 -0.393806 3.088319 1.000000 -0.160798 -0.775591 3.170111 1.000000 -0.136891 -0.833790 3.092832 1.000000
6834404361 -0.258482 0.207016 2.983068 1.000000 -0.267646 0.276090 3.022663 1.000000 -0.278394 0.643410 3.007856 1.000000 -0.238425 0.860454 2.969543 1.000000 -0.436417 0.537449 2.992253 1.000000 -0.499033 0.272387 2.980918 1.000000 -0.486953 0.029904 2.925363 1.000000 -0.472582 -0.055703 2.909491 1.000000 -0.100968 0.527844 3.042266 1.000000 -0.045747 0.255423 3.052205 1.000000 -0.029078 0.028450 2.985245 1.000000 -0.032685 -0.066304 2.954550 1.000000 -0.330488 0.133238 2.966633 1.000000 -0.369142 -0.378240 3.074615 1.000000 -0.373924 -0.755113 3.129678 1.000000 -0.404038 -0.824399 3.101726 1.000000 -0.179617 0.129373 2.986357 1.000000 -0.153768 -0.394667 3.089092 1.000000 -0.160783 -0.775656 3.170120 1.000000 -0.137374 -0.834637 3.089316 1.000000
6834448395 -0.258453 0.207376 2.983366 1.000000 -0.267614 0.276438 3.022863 1.000000 -0.278227 0.643599 3.007959 1.000000 -0.238262 0.861021 2.969632 1.000000 -0.436457 0.537400 2.992237 1.000000 -0.499032 0.272414 2.980906 1.000000 -0.482926 0.022860 2.919224 1.000000 -0.471742 -0.054689 2.906627 1.000000 -0.100866 0.528021 3.042637 1.000000 -0.045026 0.255505 3.052240 1.000000 -0.029425 0.027969 2.986814 1.000000 -0.032362 -0.066686 2.955398 1.000000 -0.330539 0.133351 2.966847 1.000000 -0.369123 -0.378225 3.074649 1.000000 -0.374163 -0.755600 3.130715 1.000000 -0.402905 -0.823580 3.100953 1.000000 -0.179527 0.129922 2.986749 1.000000 -0.154095 -0.393550 3.088815 1.000000 -0.160563 -0.774985 3.170068 1.000000 -0.143435 -0.829765 3.117460 1.000000
6834480558 -0.258250 0.207502 2.983766 1.000000 -0.267532 0.276594 3.022991 1.000000 -0.277939 0.643638 3.007745 1.000000 -0.236470 0.858884 2.963544 1.000000 -0.436579 0.537358 2.992328 1.000000 -0.499032 0.272352 2.981131 1.000000 -0.481956 0.018468 2.918148 1.000000 -0.471206 -0.057406 2.906135 1.000000 -0.099966 0.528163 3.044016 1.000000 -0.044934 0.255441 3.052264 1.000000 -0.027920 0.027871 2.986952 1.000000 -0.031947 -0.067037 2.955542 1.000000 -0.330560 0.133185 2.967338 1.000000 -0.369185 -0.378462 3.074905 1.000000 -0.374067 -0.755790 3.130857 1.000000 -0.397041 -0.820011 3.096001 1.000000 -0.178943 0.130033 2.987466 1.000000 -0.153597 -0.390850 3.088470 1.000000 -0.160387 -0.773705 3.169333 1.000000 -0.141230 -0.824724 3.115509 1.000000
6834521986 -0.258327 0.207718 2.984130 1.000000 -0.267638 0.276666 3.023242 1.000000 -0.278505 0.642826 3.008266 1.000000 -0.237419 0.858735 2.964733 1.000000 -0.436560 0.537314 2.992393 1.000000 -0.498940 0.272449 2.981094 1.000000 -0.482065 0.015932 2.917118 1.000000 -0.470760 -0.059646 2.905325 1.000000 -0.099631 0.528221 3.044237 1.000000 -0.044812 0.255582 3.052161 1.000000 -0.027762 0.027616 2.988272 1.000000 -0.031705 -0.067343 2.957960 1.000000 -0.330627 0.133254 2.967611 1.000000 -0.368902 -0.378912 3.074994 1.000000 -0.374265 -0.756376 3.132137 1.000000 -0.415209 -0.831387 3.128174 1.000000 -0.178917 0.130214 2.987773 1.000000 -0.153572 -0.390784 3.088521 1.000000 -0.160401 -0.773582 3.169255 1.000000 -0.140960 -0.823444 3.115417 1.000000
6834555149 -0.258207 0.208260 2.984413 1.000000 -0.267619 0.277217 3.023470 1.000000 -0.278541 0.643427 3.008612 1.000000 -0.236031 0.860250 2.967522 1.000000 -0.436482 0.537404 2.992462 1.000000 -0.498882 0.272398 2.981146 1.000000 -0.482030 0.012407 2.916738 1.000000 -0.470024 -0.062716 2.904778 1.000000 -0.098692 0.528237 3.045227 1.000000 -0.044448 0.255254 3.052404 1.000000 -0.027797 0.027028 2.989213 1.000000 -0.031267 -0.067802 2.958975 1.000000 -0.330578 0.133539 2.967796 1.000000 -0.368873 -0.378979 3.075026 1.000000 -0.374091 -0.755746 3.131369 1.000000 -0.403474 -0.823980 3.108014 1.000000 -0.178704 0.130648 2.988002 1.000000 -0.153480 -0.390466 3.088429 1.000000 -0.160790 -0.773697 3.170129 1.000000 -0.141774 -0.822833 3.116677 1.000000
6834588265 -0.258142 0.208667 2.984961 1.000000 -0.267820 0.277598 3.023760 1.000000 -0.278588 0.643526 3.008660 1.000000 -0.235630 0.860535 2.967618 1.000000 -0.436484 0.537422 2.992511 1.000000 -0.498834 0.272373 2.982108 1.000000 -0.481714 0.008083 2.916434 1.000000 -0.469411 -0.066541 2.903952 1.000000 -0.097900 0.528367 3.047713 1.000000 -0.044113 0.255111 3.052600 1.000000 -0.028269 0.026412 2.991049 1.000000 -0.030317 -0.072160 2.958879 1.000000 -0.330554 0.133670 2.968049 1.000000 -0.368828 -0.378994 3.074994 1.000000 -0.374682 -0.757438 3.131608 1.000000 -0.415251 -0.834850 3.079445 1.000000 -0.178480 0.131076 2.989055 1.000000 -0.153166 -0.390124 3.088340 1.000000 -0.160636 -0.773364 3.170808 1.000000 -0.141489 -0.822643 3.116159 1.000000
6834622375 -0.257944 0.208777 2.985245 1.000000 -0.267563 0.277641 3.023948 1.000000 -0.278192 0.643080 3.008952 1.000000 -0.234150 0.861515 2.971894 1.000000 -0.436465 0.537134 2.992784 1.000000 -0.498889 0.272360 2.982433 1.000000 -0.481816 0.007954 2.916244 1.000000 -0.468980 -0.066270 2.904003 1.000000 -0.097650 0.527990 3.047771 1.000000 -0.043281 0.254478 3.052588 1.000000 -0.028199 0.025681 2.990969 1.000000 -0.030027 -0.072491 2.959045 1.000000 -0.330449 0.133660 2.968323 1.000000 -0.368535 -0.378765 3.075506 1.000000 -0.373405 -0.756287 3.133634 1.000000 -0.396131 -0.820310 3.091542 1.000000 -0.178228 0.131183 2.989290 1.000000 -0.152760 -0.390008 3.088925 1.000000 -0.160572 -0.773367 3.170842 1.000000 -0.143226 -0.826140 3.121225 1.000000
6834664972 -0.257145 0.209902 2.986094 1.000000 -0.267129 0.278678 3.024422 1.000000 -0.277856 0.643477 3.008982 1.000000 -0.231024 0.861929 2.973172 1.000000 -0.436244 0.537132 2.993274 1.000000 -0.498894 0.272445 2.982425 1.000000 -0.481844 0.007657 2.916203 1.000000 -0.469121 -0.066275 2.904143 1.000000 -0.094426 0.528406 3.051664 1.000000 -0.042725 0.253482 3.053205 1.000000 -0.028173 0.024761 2.990751 1.000000 -0.029781 -0.072946 2.958839 1.000000 -0.330081 0.134067 2.968636 1.000000 -0.368282 -0.379019 3.075695 1.000000 -0.373457 -0.756327 3.133671 1.000000 -0.396791 -0.820482 3.092915 1.000000 -0.176924 0.132046 2.990870 1.000000 -0.152388 -0.389162 3.088978 1.000000 -0.160718 -0.773222 3.171056 1.000000 -0.143490 -0.825382 3.121731 1.000000
6834695968 -0.256811 0.210086 2.986365 1.000000 -0.266691 0.278883 3.024557 1.000000 -0.277715 0.643623 3.009168 1.000000 -0.230465 0.862750 2.975252 1.000000 -0.436002 0.537623 2.994198 1.000000 -0.498736 0.272462 2.982550 1.000000 -0.484438 0.038856 2.920466 1.000000 -0.470993 -0.052893 2.906175 1.000000 -0.094233 0.528539 3.051592 1.000000 -0.041968 0.253835 3.052866 1.000000 -0.026299 0.010724 2.982703 1.000000 -0.030125 -0.067245 2.959995 1.000000 -0.329563 0.134201 2.969396 1.000000 -0.367860 -0.379725 3.075715 1.000000 -0.373829 -0.757340 3.133529 1.000000 -0.399549 -0.822231 3.089515 1.000000 -0.176581 0.132242 2.990843 1.000000 -0.151904 -0.388523 3.089304 1.000000 -0.160558 -0.773020 3.170973 1.000000 -0.143997 -0.824880 3.121858 1.000000
6834738159 -0.256594 0.210374 2.986630 1.000000 -0.266357 0.279166 3.024688 1.000000 -0.277063 0.643730 3.009398 1.000000 -0.230072 0.863306 2.976390 1.000000 -0.435568 0.538029 2.994585 1.000000 -0.498797 0.272961 2.982949 1.000000 -0.484988 0.038605 2.921135 1.000000 -0.470638 -0.052309 2.906376 1.000000 -0.093977 0.528672 3.051629 1.000000 -0.041808 0.253825 3.052840 1.000000 -0.025671 0.017253 2.986241 1.000000 -0.029794 -0.067146 2.960227 1.000000 -0.329450 0.134474 2.969704 1.000000 -0.367775 -0.379758 3.075803 1.000000 -0.373758 -0.757027 3.133260 1.000000 -0.399363 -0.820486 3.093640 1.000000 -0.176407 0.132441 2.990997 1.000000 -0.151779 -0.388531 3.089295 1.000000 -0.160449 -0.772863 3.171010 1.000000 -0.145456 -0.825704 3.123217 1.000000
6834771039 -0.255860 0.210901 2.986807 1.000000 -0.265493 0.279736 3.024790 1.000000 -0.275453 0.644436 3.009744 1.000000 -0.230131 0.864648 2.977180 1.000000 -0.435193 0.538494 2.994937 1.000000 -0.498427 0.274058 2.984280 1.000000 -0.484657 0.038300 2.923261 1.000000 -0.470174 -0.051580 2.907683 1.000000 -0.093477 0.528936 3.052204 1.000000 -0.041581 0.253849 3.052962 1.000000 -0.022893 0.025337 2.986149 1.000000 -0.029260 -0.067102 2.959823 1.000000 -0.328800 0.135086 2.969900 1.000000 -0.367733 -0.379678 3.075901 1.000000 -0.373727 -0.756657 3.132346 1.000000 -0.399219 -0.820704 3.094350 1.000000 -0.175873 0.132702 2.991050 1.000000 -0.150615 -0.390994 3.090763 1.000000 -0.161433 -0.775157 3.172075 1.000000 -0.137158 -0.823231 3.088131 1.000000
6834805140 -0.254843 0.210774 2.987152 1.000000 -0.264341 0.279581 3.025037 1.000000 -0.274472 0.644018 3.009959 1.000000 -0.229296 0.865573 2.981131 1.000000 -0.434485 0.539194 2.995648 1.000000 -0.497618 0.274108 2.983715 1.000000 -0.484117 0.036768 2.922953 1.000000 -0.470123 -0.051540 2.907691 1.000000 -0.093092 0.528762 3.051777 1.000000 -0.041085 0.254013 3.052704 1.000000 -0.022370 0.025477 2.986345 1.000000 -0.027797 -0.066802 2.959963 1.000000 -0.328067 0.134899 2.969858 1.000000 -0.367356 -0.379489 3.076064 1.000000 -0.373730 -0.756463 3.132503 1.000000 -0.399169 -0.820617 3.094175 1.000000 -0.174381 0.132503 2.991961 1.000000 -0.150331 -0.389867 3.091150 1.000000 -0.161396 -0.774407 3.172025 1.000000 -0.142696 -0.827154 3.123272 1.000000
6834838115 -0.254445 0.210836 2.987374 1.000000 -0.263830 0.279680 3.025105 1.000000 -0.273976 0.644070 3.009907 1.000000 -0.229245 0.865990 2.981467 1.000000 -0.433954 0.539814 2.995913 1.000000 -0.497368 0.274602 2.983993 1.000000 -0.484314 0.037494 2.923985 1.000000 -0.469870 -0.050750 2.909173 1.000000 -0.092288 0.528835 3.051322 1.000000 -0.040641 0.253826 3.052497 1.000000 -0.022189 0.025930 2.986338 1.000000 -0.026997 -0.066955 2.960056 1.000000 -0.327613 0.134923 2.970377 1.000000 -0.366977 -0.382129 3.076441 1.000000 -0.373965 -0.756907 3.132984 1.000000 -0.399863 -0.822239 3.095246 1.000000 -0.174058 0.132527 2.992010 1.000000 -0.149468 -0.391337 3.091950 1.000000 -0.161886 -0.776196 3.171967 1.000000 -0.140621 -0.834997 3.095473 1.000000
6834881660 -0.253856 0.210901 2.987906 1.000000 -0.263140 0.279684 3.025439 1.000000 -0.273029 0.643390 3.010096 1.000000 -0.227994 0.866103 2.984325 1.000000 -0.433538 0.539645 2.996060 1.000000 -0.497056 0.274432 2.984177 1.000000 -0.483976 0.037087 2.923717 1.000000 -0.469597 -0.050129 2.909247 1.000000 -0.092048 0.528873 3.051059 1.000000 -0.040075 0.253835 3.052279 1.000000 -0.018559 0.026268 2.985647 1.000000 -0.026620 -0.066806 2.960103 1.000000 -0.327008 0.134984 2.971289 1.000000 -0.366513 -0.381978 3.076351 1.000000 -0.374021 -0.756731 3.132813 1.000000 -0.399386 -0.821515 3.098225 1.000000 -0.173576 0.132663 2.992297 1.000000 -0.149264 -0.391217 3.092031 1.000000 -0.161870 -0.776161 3.172581 1.000000 -0.148997 -0.833954 3.126952 1.000000
6834912638 -0.252974 0.210592 2.988095 1.000000 -0.262248 0.279357 3.025490 1.000000 -0.272155 0.642929 3.010250 1.000000 -0.230606 0.864519 2.978512 1.000000 -0.433220 0.539238 2.996008 1.000000 -0.496602 0.274227 2.984377 1.000000 -0.483288 0.035738 2.922528 1.000000 -0.469101 -0.048818 2.910499 1.000000 -0.091859 0.529142 3.051348 1.000000 -0.039685 0.253650 3.052494 1.000000 -0.017842 0.026268 2.984998 1.000000 -0.024012 -0.074153 2.958331 1.000000 -0.326284 0.134650 2.971347 1.000000 -0.366258 -0.381616 3.076079 1.000000 -0.373628 -0.756138 3.131376 1.000000 -0.399407 -0.821235 3.098314 1.000000 -0.172584 0.132419 2.992554 1.000000 -0.149255 -0.391208 3.092059 1.000000 -0.161037 -0.774884 3.172065 1.000000 -0.147244 -0.833120 3.090414 1.000000
6834954983 -0.252723 0.210499 2.988256 1.000000 -0.261661 0.279177 3.025512 1.000000 -0.270264 0.640884 3.009995 1.000000 -0.228260 0.864162 2.983907 1.000000 -0.432620 0.539524 2.996429 1.000000 -0.495630 0.273920 2.984931 1.000000 -0.476272 0.012879 2.921855 1.000000 -0.466361 -0.062101 2.908971 1.000000 -0.091823 0.527854 3.049991 1.000000 -0.038727 0.253531 3.053459 1.000000 -0.017606 0.026230 2.985168 1.000000 -0.023200 -0.074029 2.958870 1.000000 -0.325971 0.134554 2.971913 1.000000 -0.365819 -0.382047 3.076014 1.000000 -0.373695 -0.756917 3.132564 1.000000 -0.397921 -0.824240 3.087814 1.000000 -0.172531 0.132437 2.992536 1.000000 -0.148885 -0.390204 3.091282 1.000000 -0.161074 -0.773883 3.170983 1.000000 -0.149944 -0.826389 3.110404 1.000000
6834989263 -0.251923 0.210644 2.988548 1.000000 -0.260375 0.279546 3.025711 1.000000 -0.265689 0.642973 3.010360 1.000000 -0.228123 0.867048 2.984354 1.000000 -0.431387 0.539528 2.996587 1.000000 -0.495077 0.273816 2.985050 1.000000 -0.476810 0.019201 2.921744 1.000000 -0.466591 -0.055812 2.909893 1.000000 -0.091437 0.527762 3.049822 1.000000 -0.038448 0.253657 3.053376 1.000000 -0.017475 0.026319 2.985025 1.000000 -0.023103 -0.073880 2.959017 1.000000 -0.325244 0.134909 2.972744 1.000000 -0.365618 -0.381926 3.076115 1.000000 -0.373457 -0.756522 3.132120 1.000000 -0.398030 -0.823304 3.089846 1.000000 -0.172223 0.132602 2.992454 1.000000 -0.148588 -0.389975 3.091090 1.000000 -0.160824 -0.773991 3.171457 1.000000 -0.149342 -0.825587 3.117154 1.000000
6835022249 -0.251166 0.210114 2.989047 1.000000 -0.259542 0.279248 3.025888 1.000000 -0.264814 0.643252 3.010197 1.000000 -0.228399 0.867411 2.983706 1.000000 -0.430936 0.538928 2.996452 1.000000 -0.494726 0.273422 2.985155 1.000000 -0.475667 0.024522 2.922983 1.000000 -0.466000 -0.050697 2.911749 1.000000 -0.091304 0.527938 3.049708 1.000000 -0.037009 0.255023 3.053199 1.000000 -0.017662 0.027569 2.984650 1.000000 -0.022051 -0.072790 2.958816 1.000000 -0.324761 0.134359 2.973396 1.000000 -0.365181 -0.382667 3.076939 1.000000 -0.373462 -0.756673 3.132276 1.000000 -0.400152 -0.823701 3.086456 1.000000 -0.171576 0.132294 2.992884 1.000000 -0.148481 -0.390332 3.091519 1.000000 -0.161179 -0.774321 3.171472 1.000000 -0.144834 -0.831325 3.127321 1.000000
6835056153 -0.250741 0.210010 2.989310 1.000000 -0.259039 0.279076 3.026069 1.000000 -0.264519 0.642863 3.010816 1.000000 -0.228222 0.867481 2.985496 1.000000 -0.430752 0.539358 2.996781 1.000000 -0.494028 0.273019 2.985281 1.000000 -0.475561 0.029721 2.921883 1.000000 -0.465797 -0.049609 2.911001 1.000000 -0.091061 0.528000 3.049755 1.000000 -0.036769 0.255510 3.053573 1.000000 -0.017501 0.028029 2.985020 1.000000 -0.021442 -0.072638 2.959762 1.000000 -0.324434 0.134088 2.973549 1.000000 -0.364716 -0.383497 3.077036 1.000000 -0.373602 -0.757344 3.132843 1.000000 -0.402515 -0.826909 3.085692 1.000000 -0.171123 0.132303 2.993094 1.000000 -0.148406 -0.390172 3.091834 1.000000 -0.161375 -0.774048 3.171493 1.000000 -0.144827 -0.830647 3.127415 1.000000
6835098549 -0.249985 0.209466 2.989464 1.000000 -0.258176 0.278571 3.026146 1.000000 -0.263838 0.642646 3.011112 1.000000 -0.228342 0.867414 2.985660 1.000000 -0.430212 0.539157 2.997095 1.000000 -0.493120 0.272164 2.986103 1.000000 -0.474507 0.032810 2.921803 1.000000 -0.464737 -0.049262 2.910829 1.000000 -0.090818 0.528060 3.049655 1.000000 -0.036188 0.255697 3.053220 1.000000 -0.017361 0.028181 2.984542 1.000000 -0.021311 -0.072733 2.959527 1.000000 -0.323862 0.133685 2.973579 1.000000 -0.364595 -0.383405 3.077075 1.000000 -0.373709 -0.757341 3.131542 1.000000 -0.401585 -0.824964 3.086542 1.000000 -0.170465 0.131814 2.993241 1.000000 -0.148043 -0.395389 3.094300 1.000000 -0.161481 -0.774286 3.171509 1.000000 -0.151900 -0.834304 3.092065 1.000000
6835129834 -0.249701 0.209419 2.989559 1.000000 -0.257867 0.278572 3.026116 1.000000 -0.263643 0.642775 3.011117 1.000000 -0.228115 0.867544 2.985520 1.000000 -0.430173 0.539098 2.997110 1.000000 -0.492841 0.272739 2.986331 1.000000 -0.474703 0.034453 2.921759 1.000000 -0.464883 -0.049020 2.911366 1.000000 -0.090600 0.528110 3.049695 1.000000 -0.035505 0.257196 3.053447 1.000000 -0.017523 0.029684 2.984482 1.000000 -0.021193 -0.071490 2.959681 1.000000 -0.323563 0.133503 2.974138 1.000000 -0.364481 -0.383460 3.077232 1.000000 -0.373372 -0.757248 3.131274 1.000000 -0.400713 -0.823841 3.087937 1.000000 -0.170055 0.131829 2.993007 1.000000 -0.147890 -0.395040 3.094001 1.000000 -0.161414 -0.774020 3.171153 1.000000 -0.141755 -0.825751 3.122567 1.000000
6835172229 -0.249321 0.209234 2.989693 1.000000 -0.257470 0.278351 3.026120 1.000000 -0.263519 0.642245 3.011126 1.000000 -0.227577 0.867385 2.986856 1.000000 -0.429998 0.539032 2.997012 1.000000 -0.492537 0.272319 2.986101 1.000000 -0.474683 0.036691 2.921299 1.000000 -0.463797 -0.049014 2.911430 1.000000 -0.090241 0.528083 3.049365 1.000000 -0.035236 0.257242 3.053379 1.000000 -0.017211 0.030036 2.983180 1.000000 -0.021573 -0.067754 2.960632 1.000000 -0.323237 0.133298 2.974105 1.000000 -0.364145 -0.384179 3.077280 1.000000 -0.373323 -0.757631 3.132369 1.000000 -0.401393 -0.823649 3.082839 1.000000 -0.169508 0.131554 2.993366 1.000000 -0.147869 -0.395142 3.093966 1.000000 -0.161065 -0.774128 3.170498 1.000000 -0.139870 -0.828091 3.088603 1.000000
6835204995 -0.248979 0.209090 2.989594 1.000000 -0.257095 0.278216 3.025902 1.000000 -0.263282 0.642118 3.010969 1.000000 -0.227656 0.867193 2.986255 1.000000 -0.429665 0.538816 2.997048 1.000000 -0.492564 0.274061 2.986859 1.000000 -0.475127 0.036966 2.920873 1.000000 -0.463814 -0.047789 2.908614 1.000000 -0.090182 0.528053 3.049314 1.000000 -0.034520 0.257314 3.053017 1.000000 -0.016619 0.030248 2.982317 1.000000 -0.021768 -0.067169 2.959778 1.000000 -0.322978 0.133218 2.974118 1.000000 -0.364027 -0.383846 3.077128 1.000000 -0.373030 -0.757380 3.132205 1.000000 -0.411086 -0.826337 3.103208 1.000000 -0.169169 0.131485 2.993129 1.000000 -0.147777 -0.395370 3.093738 1.000000 -0.161342 -0.774313 3.170427 1.000000 -0.141187 -0.831455 3.089992 1.000000
6835238181 -0.248443 0.209119 2.989589 1.000000 -0.256653 0.278240 3.025842 1.000000 -0.262910 0.642206 3.011170 1.000000 -0.227573 0.867357 2.986423 1.000000 -0.429306 0.538749 2.997271 1.000000 -0.492623 0.274529 2.986978 1.000000 -0.475115 0.038245 2.912127 1.000000 -0.464704 -0.038109 2.900353 1.000000 -0.088610 0.527908 3.050706 1.000000 -0.033281 0.257162 3.052937 1.000000 -0.015898 0.031654 2.976316 1.000000 -0.022979 -0.069686 2.951415 1.000000 -0.322604 0.133207 2.973990 1.000000 -0.363759 -0.383819 3.076814 1.000000 -0.372833 -0.756926 3.132046 1.000000 -0.407091 -0.823971 3.101384 1.000000 -0.168473 0.131374 2.993121 1.000000 -0.147732 -0.395806 3.092831 1.000000 -0.161611 -0.775315 3.170322 1.000000 -0.140819 -0.832062 3.089475 1.000000
6835272119 -0.247000 0.209026 2.989499 1.000000 -0.255362 0.278105 3.025707 1.000000 -0.262414 0.642045 3.011167 1.000000 -0.226122 0.867359 2.987426 1.000000 -0.428935 0.538687 2.997469 1.000000 -0.493650 0.278997 2.984834 1.000000 -0.473665 0.049290 2.887442 1.000000 -0.461697 -0.027012 2.883876 1.000000 -0.088434 0.527982 3.050987 1.000000 -0.030128 0.259646 3.052256 1.000000 -0.015668 0.036746 2.966636 1.000000 -0.021185 -0.063940 2.938811 1.000000 -0.320978 0.132950 2.973538 1.000000 -0.363605 -0.383842 3.076271 1.000000 -0.372771 -0.756763 3.131774 1.000000 -0.404925 -0.823319 3.099469 1.000000 -0.166925 0.131478 2.993250 1.000000 -0.147487 -0.394836 3.091928 1.000000 -0.161304 -0.775162 3.169821 1.000000 -0.141107 -0.836334 3.131612 1.000000
6835315164 -0.246410 0.209193 2.989573 1.000000 -0.255030 0.278224 3.025715 1.000000 -0.262328 0.642047 3.011260 1.000000 -0.226084 0.866981 2.986147 1.000000 -0.428739 0.538571 2.997607 1.000000 -0.497302 0.288494 2.980858 1.000000 -0.469288 0.070079 2.858381 1.000000 -0.458532 -0.003304 2.836631 1.000000 -0.086916 0.528280 3.053018 1.000000 -0.024717 0.266847 3.052358 1.000000 -0.012609 0.056430 2.936114 1.000000 -0.023022 -0.040658 2.898695 1.000000 -0.320562 0.132953 2.973615 1.000000 -0.363004 -0.384304 3.075217 1.000000 -0.373136 -0.759157 3.130066 1.000000 -0.414665 -0.833284 3.076494 1.000000 -0.165973 0.131649 2.993184 1.000000 -0.146470 -0.391518 3.085808 1.000000 -0.161201 -0.775012 3.169676 1.000000 -0.143132 -0.834689 3.128581 1.000000
6835346187 -0.245672 0.209826 2.989836 1.000000 -0.254156 0.278758 3.026128 1.000000 -0.260505 0.642364 3.012454 1.000000 -0.227814 0.862606 2.987644 1.000000 -0.428347 0.538815 2.997772 1.000000 -0.505579 0.312652 2.976178 1.000000 -0.465332 0.122986 2.786778 1.000000 -0.448369 0.048342 2.795260 1.000000 -0.086754 0.528619 3.053301 1.000000 -0.009920 0.301271 3.042148 1.000000 -0.002836 0.102051 2.878575 1.000000 -0.019135 0.016205 2.845372 1.000000 -0.319841 0.133687 2.974003 1.000000 -0.361705 -0.383072 3.069052 1.000000 -0.372845 -0.759088 3.128336 1.000000 -0.403831 -0.824556 3.096581 1.000000 -0.165528 0.132229 2.993120 1.000000 -0.146154 -0.395231 3.079739 1.000000 -0.161149 -0.775175 3.168962 1.000000 -0.142809 -0.828886 3.085083 1.000000
6835388403 -0.245332 0.209873 2.989906 1.000000 -0.253695 0.278735 3.026380 1.000000 -0.259307 0.642235 3.013218 1.000000 -0.229629 0.858499 2.988729 1.000000 -0.427254 0.538556 2.998017 1.000000 -0.511909 0.321998 2.965283 1.000000 -0.459473 0.172485 2.737948 1.000000 -0.443928 0.103968 2.707405 1.000000 -0.086720 0.528611 3.053319 1.000000 0.000325 0.313233 3.040270 1.000000 -0.001596 0.144043 2.833651 1.000000 -0.020447 0.078003 2.780917 1.000000 -0.319319 0.133896 2.974277 1.000000 -0.361259 -0.384430 3.065421 1.000000 -0.374032 -0.761070 3.129777 1.000000 -0.410672 -0.828477 3.087371 1.000000 -0.165420 0.132366 2.992968 1.000000 -0.145216 -0.398607 3.074942 1.000000 -0.161463 -0.780522 3.169193 1.000000 -0.141631 -0.833062 3.084550 1.000000
6835422426 -0.244705 0.210380 2.990341 1.000000 -0.253089 0.279051 3.027115 1.000000 -0.258520 0.642122 3.014582 1.000000 -0.230627 0.854724 2.990383 1.000000 -0.425665 0.538175 2.999060 1.000000 -0.515821 0.325890 2.952451 1.000000 -0.448495 0.244468 2.732743 1.000000 -0.420670 0.192192 2.647752 1.000000 -0.085594 0.528379 3.054533 1.000000 0.015740 0.320275 3.028807 1.000000 0.023761 0.200980 2.816852 1.000000 -0.007008 0.155628 2.728948 1.000000 -0.318355 0.134866 2.975038 1.000000 -0.360908 -0.384533 3.060772 1.000000 -0.374384 -0.761132 3.129479 1.000000 -0.408114 -0.826448 3.089652 1.000000 -0.165164 0.132647 2.992961 1.000000 -0.145979 -0.399287 3.067739 1.000000 -0.161562 -0.780184 3.168066 1.000000 -0.140962 -0.834366 3.084386 1.000000
6835455240 -0.243784 0.211007 2.991122 1.000000 -0.252082 0.279069 3.029170 1.000000 -0.256801 0.641928 3.021298 1.000000 -0.230594 0.849627 2.992887 1.000000 -0.424446 0.537958 3.000720 1.000000 -0.528252 0.337684 2.927758 1.000000 -0.440228 0.295749 2.700675 1.000000 -0.411377 0.271973 2.618804 1.000000 -0.084113 0.529367 3.055642 1.000000 0.035778 0.335018 2.999451 1.000000 0.031211 0.278332 2.762616 1.000000 0.003345 0.242295 2.669647 1.000000 -0.317515 0.135306 2.975793 1.000000 -0.360890 -0.385283 3.057546 1.000000 -0.377669 -0.763636 3.132308 1.000000 -0.410800 -0.827807 3.110471 1.000000 -0.164405 0.133409 2.992806 1.000000 -0.145397 -0.397115 3.064433 1.000000 -0.161508 -0.780032 3.168354 1.000000 -0.150955 -0.843276 3.128589 1.000000
6835488161 -0.243140 0.211099 2.991420 1.000000 -0.251356 0.278626 3.031021 1.000000 -0.255744 0.641674 3.026048 1.000000 -0.228930 0.845089 2.995273 1.000000 -0.421481 0.538424 3.003759 1.000000 -0.527023 0.359998 2.877699 1.000000 -0.417567 0.342553 2.653691 1.000000 -0.383577 0.335305 2.585569 1.000000 -0.082740 0.528455 3.056918 1.000000 0.071594 0.336670 2.929435 1.000000 -0.028657 0.318267 2.699173 1.000000 -0.062074 0.312133 2.627005 1.000000 -0.316795 0.135561 2.975871 1.000000 -0.361164 -0.385961 3.054910 1.000000 -0.378006 -0.764510 3.132339 1.000000 -0.418458 -0.835632 3.077258 1.000000 -0.163923 0.133597 2.992603 1.000000 -0.144950 -0.397861 3.063362 1.000000 -0.160841 -0.780069 3.167340 1.000000 -0.145630 -0.836914 3.083731 1.000000
6835531936 -0.242096 0.213748 2.992453 1.000000 -0.251336 0.280444 3.033954 1.000000 -0.254174 0.643736 3.033163 1.000000 -0.229396 0.847675 3.002018 1.000000 -0.421279 0.541080 3.005080 1.000000 -0.519534 0.397122 2.829014 1.000000 -0.335776 0.451249 2.689162 1.000000 -0.275661 0.458200 2.605269 1.000000 -0.075375 0.546277 3.069598 1.000000 0.080933 0.377197 2.898185 1.000000 -0.045135 0.401367 2.671537 1.000000 -0.077784 0.414108 2.603586 1.000000 -0.316237 0.137391 2.976366 1.000000 -0.361034 -0.386046 3.054864 1.000000 -0.378851 -0.764626 3.133827 1.000000 -0.409678 -0.828529 3.107351 1.000000 -0.162854 0.135760 2.992024 1.000000 -0.144946 -0.398094 3.063259 1.000000 -0.160892 -0.780273 3.167364 1.000000 -0.145244 -0.836271 3.083003 1.000000
6835563017 -0.240432 0.205493 2.991252 1.000000 -0.247474 0.274289 3.035976 1.000000 -0.247412 0.647680 3.044000 1.000000 -0.227441 0.848774 3.003324 1.000000 -0.413624 0.542529 3.010244 1.000000 -0.512695 0.447021 2.796633 1.000000 -0.330741 0.485375 2.649677 1.000000 -0.248316 0.516314 2.595533 1.000000 -0.077942 0.482910 3.044350 1.000000 0.086211 0.423011 2.869738 1.000000 -0.053925 0.479248 2.673497 1.000000 -0.095844 0.495257 2.611670 1.000000 -0.315822 0.132870 2.973076 1.000000 -0.360419 -0.385218 3.054138 1.000000 -0.378583 -0.763896 3.133924 1.000000 -0.409171 -0.827386 3.106355 1.000000 -0.161719 0.127303 2.990003 1.000000 -0.144750 -0.398100 3.063315 1.000000 -0.160916 -0.780077 3.167268 1.000000 -0.145297 -0.836190 3.083067 1.000000
6835604350 -0.235510 0.203184 2.987500 1.000000 -0.243372 0.271564 3.033062 1.000000 -0.244097 0.644812 3.036979 1.000000 -0.226684 0.848641 3.008808 1.000000 -0.395661 0.499965 2.997733 1.000000 -0.511319 0.461019 2.778158 1.000000 -0.337628 0.541024 2.640274 1.000000 -0.283068 0.580946 2.604788 1.000000 -0.079222 0.524324 3.047894 1.000000 0.074954 0.466318 2.863277 1.000000 -0.043532 0.558560 2.677971 1.000000 -0.112177 0.563775 2.600952 1.000000 -0.309772 0.130355 2.968876 1.000000 -0.359278 -0.382863 3.053664 1.000000 -0.377940 -0.763278 3.133994 1.000000 -0.401948 -0.826220 3.100311 1.000000 -0.157760 0.127931 2.986878 1.000000 -0.143247 -0.391045 3.061247 1.000000 -0.160078 -0.777073 3.165255 1.000000 -0.150598 -0.825742 3.108534 1.000000
6835637487 -0.231139 0.213035 2.989545 1.000000 -0.238335 0.277557 3.037655 1.000000 -0.233429 0.645874 3.053993 1.000000 -0.226616 0.843527 3.013875 1.000000 -0.391552 0.535587 3.005815 1.000000 -0.501410 0.514160 2.781113 1.000000 -0.322472 0.587822 2.648307 1.000000 -0.228887 0.616524 2.615794 1.000000 -0.076308 0.544548 3.051841 1.000000 0.090132 0.502325 2.876079 1.000000 0.005881 0.627910 2.692773 1.000000 -0.067166 0.644049 2.621760 1.000000 -0.305240 0.141613 2.967308 1.000000 -0.358943 -0.382710 3.053258 1.000000 -0.377921 -0.763011 3.133851 1.000000 -0.401778 -0.825751 3.100524 1.000000 -0.154342 0.141817 2.988214 1.000000 -0.142937 -0.390697 3.061463 1.000000 -0.159825 -0.776631 3.165485 1.000000 -0.150240 -0.827261 3.111070 1.000000
6835671709 -0.229397 0.215187 2.989856 1.000000 -0.236872 0.279426 3.039009 1.000000 -0.233212 0.646619 3.053989 1.000000 -0.217478 0.842814 3.017406 1.000000 -0.394177 0.557332 3.007998 1.000000 -0.508210 0.539663 2.786227 1.000000 -0.305176 0.656250 2.642214 1.000000 -0.225220 0.684570 2.624636 1.000000 -0.076066 0.544740 3.051691 1.000000 0.097010 0.550679 2.878873 1.000000 -0.022429 0.666408 2.711504 1.000000 -0.087879 0.699869 2.638798 1.000000 -0.302808 0.143751 2.966376 1.000000 -0.358821 -0.383820 3.053672 1.000000 -0.377743 -0.762675 3.133209 1.000000 -0.401325 -0.824755 3.099240 1.000000 -0.153300 0.143201 2.988944 1.000000 -0.142297 -0.390188 3.061504 1.000000 -0.159636 -0.776659 3.166247 1.000000 -0.150317 -0.826663 3.111688 1.000000
6835704387 -0.228830 0.216052 2.989911 1.000000 -0.236627 0.280762 3.039813 1.000000 -0.234571 0.651601 3.052038 1.000000 -0.215430 0.845853 3.015374 1.000000 -0.394559 0.557009 3.006975 1.000000 -0.515668 0.565498 2.789711 1.000000 -0.343994 0.699707 2.626581 1.000000 -0.277489 0.735074 2.638883 1.000000 -0.074046 0.544676 3.052575 1.000000 0.103115 0.573245 2.888679 1.000000 -0.063904 0.736328 2.679316 1.000000 -0.130511 0.758686 2.649506 1.000000 -0.302595 0.144128 2.966769 1.000000 -0.358639 -0.384858 3.054327 1.000000 -0.376504 -0.761453 3.131256 1.000000 -0.401142 -0.823952 3.099576 1.000000 -0.152035 0.143984 2.988522 1.000000 -0.142046 -0.389907 3.061514 1.000000 -0.160040 -0.776766 3.167368 1.000000 -0.149686 -0.826775 3.112559 1.000000
6835748829 -0.228218 0.217826 2.989739 1.000000 -0.236077 0.282425 3.040065 1.000000 -0.232257 0.650333 3.046603 1.000000 -0.210847 0.851115 3.035831 1.000000 -0.394159 0.556452 3.006118 1.000000 -0.539760 0.594189 2.798831 1.000000 -0.415039 0.749512 2.648058 1.000000 -0.359534 0.797827 2.627352 1.000000 -0.068059 0.547450 3.053799 1.000000 0.122568 0.601035 2.914248 1.000000 0.065933 0.764075 2.755867 1.000000 0.015443 0.835621 2.700831 1.000000 -0.302507 0.144963 2.966584 1.000000 -0.358036 -0.386418 3.054991 1.000000 -0.375742 -0.761258 3.130176 1.000000 -0.407871 -0.825496 3.107663 1.000000 -0.151593 0.144629 2.988816 1.000000 -0.141170 -0.392105 3.061993 1.000000 -0.159971 -0.777137 3.167565 1.000000 -0.146036 -0.830989 3.090382 1.000000
6835781384 -0.227822 0.220271 2.989311 1.000000 -0.235703 0.285057 3.039703 1.000000 -0.230161 0.648355 3.036597 1.000000 -0.203902 0.843884 3.016408 1.000000 -0.393809 0.557228 3.004947 1.000000 -0.545531 0.597027 2.810926 1.000000 -0.499059 0.774293 2.667336 1.000000 -0.442144 0.853063 2.630911 1.000000 -0.063529 0.549769 3.054470 1.000000 0.136442 0.617757 2.931285 1.000000 0.104797 0.801944 2.792975 1.000000 0.062042 0.858887 2.753520 1.000000 -0.302437 0.146693 2.966850 1.000000 -0.356117 -0.381154 3.052580 1.000000 -0.374771 -0.760282 3.126397 1.000000 -0.407125 -0.824841 3.106958 1.000000 -0.151436 0.145380 2.988850 1.000000 -0.140862 -0.392007 3.062344 1.000000 -0.159077 -0.776678 3.168557 1.000000 -0.145615 -0.825964 3.097293 1.000000
6835812628 -0.226017 0.224197 2.988892 1.000000 -0.234400 0.287857 3.039205 1.000000 -0.229898 0.647259 3.033546 1.000000 -0.201280 0.841371 3.015886 1.000000 -0.393754 0.558900 3.003277 1.000000 -0.570310 0.601681 2.816013 1.000000 -0.543457 0.801270 2.689059 1.000000 -0.517833 0.872446 2.677671 1.000000 -0.055044 0.558503 3.056142 1.000000 0.145416 0.621089 2.941674 1.000000 0.152359 0.821917 2.828771 1.000000 0.122281 0.905650 2.775887 1.000000 -0.301273 0.149133 2.967057 1.000000 -0.355600 -0.380899 3.051992 1.000000 -0.373859 -0.759368 3.125763 1.000000 -0.405038 -0.823240 3.105175 1.000000 -0.149496 0.147284 2.988830 1.000000 -0.140065 -0.392599 3.063643 1.000000 -0.159100 -0.776787 3.168355 1.000000 -0.145538 -0.826352 3.096868 1.000000
6835855229 -0.224077 0.227521 2.987579 1.000000 -0.232165 0.291580 3.037431 1.000000 -0.227198 0.646925 3.024644 1.000000 -0.198206 0.841461 3.015188 1.000000 -0.393724 0.559588 3.002360 1.000000 -0.583401 0.592345 2.830085 1.000000 -0.607910 0.782227 2.700769 1.000000 -0.593262 0.869629 2.692957 1.000000 -0.047802 0.557978 3.055286 1.000000 0.168503 0.621508 2.969339 1.000000 0.190918 0.838867 2.851160 1.000000 0.179703 0.911141 2.829229 1.000000 -0.300465 0.151052 2.966498 1.000000 -0.353624 -0.379574 3.050601 1.000000 -0.370676 -0.752217 3.122041 1.000000 -0.402312 -0.812627 3.091453 1.000000 -0.147221 0.148254 2.988531 1.000000 -0.140015 -0.392655 3.064331 1.000000 -0.159598 -0.776686 3.168697 1.000000 -0.145162 -0.829387 3.105344 1.000000
6835888328 -0.221580 0.230464 2.986736 1.000000 -0.229754 0.294422 3.036193 1.000000 -0.224253 0.647498 3.021822 1.000000 -0.195313 0.840311 3.011861 1.000000 -0.393137 0.559474 2.999880 1.000000 -0.597991 0.572396 2.856299 1.000000 -0.664737 0.750663 2.726075 1.000000 -0.667234 0.823574 2.704102 1.000000 -0.043378 0.558456 3.056031 1.000000 0.182051 0.604610 2.991707 1.000000 0.247681 0.821777 2.880448 1.000000 0.247314 0.904297 2.857010 1.000000 -0.299074 0.152740 2.965861 1.000000 -0.351833 -0.376296 3.048062 1.000000 -0.370632 -0.751508 3.122655 1.000000 -0.403750 -0.812427 3.096514 1.000000 -0.144188 0.149998 2.988465 1.000000 -0.138693 -0.391441 3.065377 1.000000 -0.159444 -0.776639 3.168619 1.000000 -0.145166 -0.829358 3.105395 1.000000
6835921591 -0.220536 0.230881 2.986374 1.000000 -0.228647 0.295338 3.035207 1.000000 -0.221976 0.648074 3.017955 1.000000 -0.194266 0.839704 3.008607 1.000000 -0.392378 0.559120 2.998254 1.000000 -0.603314 0.557953 2.872460 1.000000 -0.727243 0.703737 2.744822 1.000000 -0.757786 0.769186 2.721022 1.000000 -0.038990 0.555838 3.056593 1.000000 0.186905 0.586032 3.008533 1.000000 0.296016 0.756694 2.902306 1.000000 0.319932 0.853235 2.875976 1.000000 -0.298386 0.152941 2.965436 1.000000 -0.350574 -0.378160 3.047631 1.000000 -0.372870 -0.756152 3.125320 1.000000 -0.403774 -0.816176 3.096065 1.000000 -0.142427 0.149673 2.988984 1.000000 -0.138885 -0.392525 3.066033 1.000000 -0.159311 -0.776994 3.168323 1.000000 -0.146462 -0.831070 3.102772 1.000000
6835965415 -0.219822 0.230513 2.985895 1.000000 -0.227928 0.295348 3.033977 1.000000 -0.220528 0.648531 3.015220 1.000000 -0.192408 0.838258 2.997395 1.000000 -0.391462 0.558045 2.996327 1.000000 -0.618652 0.506348 2.907831 1.000000 -0.790527 0.654785 2.769114 1.000000 -0.836112 0.708329 2.740171 1.000000 -0.037542 0.552260 3.056385 1.000000 0.182392 0.527830 3.048846 1.000000 0.376953 0.722168 2.917552 1.000000 0.406157 0.789338 2.897109 1.000000 -0.297759 0.152662 2.964871 1.000000 -0.349582 -0.379952 3.047314 1.000000 -0.372314 -0.756551 3.123743 1.000000 -0.402409 -0.817654 3.096162 1.000000 -0.141467 0.148731 2.989160 1.000000 -0.138634 -0.392817 3.066170 1.000000 -0.159304 -0.776990 3.168352 1.000000 -0.146741 -0.832462 3.097923 1.000000
6835996593 -0.218778 0.229394 2.984524 1.000000 -0.226878 0.294396 3.031047 1.000000 -0.220118 0.644084 3.008919 1.000000 -0.190929 0.832947 2.994140 1.000000 -0.391155 0.556719 2.994967 1.000000 -0.594727 0.466797 2.942980 1.000000 -0.784229 0.483163 2.815564 1.000000 -0.847015 0.509402 2.781828 1.000000 -0.037082 0.550085 3.056673 1.000000 0.189393 0.502151 3.052903 1.000000 0.424561 0.618652 2.946843 1.000000 0.487419 0.659179 2.933610 1.000000 -0.296801 0.151243 2.963936 1.000000 -0.348505 -0.380559 3.047107 1.000000 -0.371820 -0.756587 3.123105 1.000000 -0.403227 -0.818561 3.099772 1.000000 -0.140130 0.147711 2.988339 1.000000 -0.137162 -0.392426 3.065710 1.000000 -0.159613 -0.776886 3.168640 1.000000 -0.148538 -0.827220 3.113099 1.000000
6836038362 -0.217670 0.228866 2.983969 1.000000 -0.225885 0.294270 3.029457 1.000000 -0.219675 0.644999 3.007442 1.000000 -0.189949 0.833762 2.990788 1.000000 -0.390897 0.555950 2.994748 1.000000 -0.590957 0.443428 2.961066 1.000000 -0.783168 0.436414 2.838139 1.000000 -0.869013 0.450150 2.783198 1.000000 -0.036966 0.549337 3.057393 1.000000 0.183153 0.465518 3.066299 1.000000 0.411133 0.491455 2.972230 1.000000 0.478547 0.521870 2.954671 1.000000 -0.295419 0.150473 2.963282 1.000000 -0.347641 -0.381494 3.047571 1.000000 -0.371771 -0.756959 3.123452 1.000000 -0.403272 -0.818770 3.100007 1.000000 -0.138853 0.147139 2.988461 1.000000 -0.135584 -0.393450 3.065681 1.000000 -0.159531 -0.776780 3.168422 1.000000 -0.144086 -0.831111 3.094809 1.000000
6836071484 -0.215957 0.227030 2.982984 1.000000 -0.224210 0.292886 3.027517 1.000000 -0.219581 0.644756 3.006055 1.000000 -0.186364 0.830336 2.979894 1.000000 -0.389386 0.552145 2.996048 1.000000 -0.582875 0.418307 2.975858 1.000000 -0.753725 0.333822 2.850526 1.000000 -0.844187 0.324120 2.802584 1.000000 -0.037171 0.549092 3.057262 1.000000 0.177892 0.431784 3.057876 1.000000 0.417969 0.391357 2.978089 1.000000 0.493708 0.395761 2.973392 1.000000 -0.293193 0.148841 2.963438 1.000000 -0.346060 -0.384118 3.046165 1.000000 -0.372297 -0.758624 3.124050 1.000000 -0.402571 -0.820386 3.099096 1.000000 -0.137273 0.146018 2.987355 1.000000 -0.134285 -0.392286 3.063280 1.000000 -0.159390 -0.776321 3.168124 1.000000 -0.145176 -0.830115 3.095618 1.000000
6836104379 -0.214281 0.223951 2.982371 1.000000 -0.222535 0.290257 3.025728 1.000000 -0.219820 0.642831 3.003940 1.000000 -0.186180 0.829878 2.980644 1.000000 -0.387738 0.544590 2.994182 1.000000 -0.577757 0.378733 2.974396 1.000000 -0.734849 0.267467 2.852804 1.000000 -0.813483 0.221410 2.804875 1.000000 -0.037671 0.545618 3.053725 1.000000 0.150503 0.398595 3.050890 1.000000 0.401123 0.301758 2.983948 1.000000 0.475388 0.285866 2.988838 1.000000 -0.291062 0.145729 2.963969 1.000000 -0.343745 -0.386931 3.044473 1.000000 -0.372356 -0.758905 3.123940 1.000000 -0.402671 -0.820701 3.099307 1.000000 -0.135453 0.143746 2.986721 1.000000 -0.131829 -0.393296 3.059970 1.000000 -0.159019 -0.777042 3.167084 1.000000 -0.145299 -0.832180 3.094724 1.000000
6836138233 -0.212327 0.221808 2.983027 1.000000 -0.220440 0.288512 3.025115 1.000000 -0.219042 0.641620 3.003059 1.000000 -0.185525 0.829678 2.981089 1.000000 -0.387724 0.539531 2.993273 1.000000 -0.551733 0.344118 2.976047 1.000000 -0.699219 0.176514 2.856991 1.000000 -0.755859 0.125732 2.831600 1.000000 -0.035785 0.542160 3.051399 1.000000 0.134888 0.349854 3.044529 1.000000 0.376709 0.207886 2.981991 1.000000 0.442986 0.171746 2.989994 1.000000 -0.289365 0.142822 2.965347 1.000000 -0.342359 -0.388535 3.041031 1.000000 -0.369980 -0.757691 3.121488 1.000000 -0.401726 -0.821361 3.097165 1.000000 -0.132000 0.140756 2.987851 1.000000 -0.128896 -0.393856 3.050101 1.000000 -0.159115 -0.776869 3.165991 1.000000 -0.145707 -0.831836 3.096926 1.000000
6836181540 -0.209668 0.214791 2.986326 1.000000 -0.217514 0.282730 3.026377 1.000000 -0.218664 0.638571 3.002571 1.000000 -0.184360 0.827198 2.981256 1.000000 -0.384489 0.531222 2.991621 1.000000 -0.509277 0.298096 2.958588 1.000000 -0.612814 0.122637 2.860077 1.000000 -0.643236 0.063105 2.824410 1.000000 -0.033256 0.522858 3.044170 1.000000 0.117342 0.310661 3.037234 1.000000 0.294189 0.123901 2.983941 1.000000 0.361572 0.060577 2.978082 1.000000 -0.286635 0.135729 2.971279 1.000000 -0.341215 -0.389982 3.034010 1.000000 -0.370355 -0.757992 3.121406 1.000000 -0.410045 -0.828366 3.103037 1.000000 -0.128979 0.134815 2.990458 1.000000 -0.127292 -0.394260 3.040598 1.000000 -0.159873 -0.776864 3.158031 1.000000 -0.145770 -0.829906 3.103604 1.000000
6836212581 -0.208044 0.207348 2.989747 1.000000 -0.214769 0.276358 3.027305 1.000000 -0.214894 0.633177 3.000582 1.000000 -0.181970 0.822271 2.978448 1.000000 -0.379506 0.523153 2.991503 1.000000 -0.472367 0.285360 2.960313 1.000000 -0.534180 0.090149 2.843315 1.000000 -0.554199 0.010269 2.794487 1.000000 -0.031099 0.513409 3.039611 1.000000 0.066833 0.277832 3.015227 1.000000 0.214966 0.057709 2.950737 1.000000 0.253906 -0.011543 2.933159 1.000000 -0.285529 0.129268 2.976901 1.000000 -0.339711 -0.393516 3.022713 1.000000 -0.369179 -0.757744 3.114612 1.000000 -0.404129 -0.829257 3.090877 1.000000 -0.127975 0.128057 2.993654 1.000000 -0.126218 -0.399104 3.034116 1.000000 -0.160694 -0.779528 3.158440 1.000000 -0.139392 -0.834783 3.099218 1.000000
6836244337 -0.206045 0.200683 2.992003 1.000000 -0.211546 0.269620 3.026887 1.000000 -0.208576 0.621802 2.996772 1.000000 -0.182184 0.814554 2.981817 1.000000 -0.377129 0.520416 2.992512 1.000000 -0.450303 0.287174 2.960449 1.000000 -0.471563 0.113153 2.813208 1.000000 -0.476318 0.035614 2.759322 1.000000 -0.030829 0.509182 3.037346 1.000000 0.050224 0.278686 3.011798 1.000000 0.136230 0.056122 2.899947 1.000000 0.160153 -0.012082 2.877551 1.000000 -0.284200 0.124007 2.980346 1.000000 -0.339189 -0.393424 3.020674 1.000000 -0.369119 -0.757752 3.113960 1.000000 -0.402829 -0.826521 3.093161 1.000000 -0.126431 0.121809 2.996262 1.000000 -0.125551 -0.400784 3.030111 1.000000 -0.161316 -0.780567 3.157227 1.000000 -0.142046 -0.836237 3.093641 1.000000
6836288305 -0.205138 0.197532 2.993029 1.000000 -0.210213 0.266941 3.025988 1.000000 -0.206933 0.620969 2.997622 1.000000 -0.180768 0.814003 2.982177 1.000000 -0.373680 0.518035 2.992146 1.000000 -0.437222 0.294813 2.956092 1.000000 -0.429742 0.142947 2.783341 1.000000 -0.421101 0.074693 2.706738 1.000000 -0.030089 0.506797 3.037078 1.000000 0.034407 0.278480 3.010407 1.000000 0.067688 0.107640 2.862087 1.000000 0.077532 0.024776 2.801769 1.000000 -0.283574 0.121880 2.981259 1.000000 -0.338654 -0.393750 3.020151 1.000000 -0.368771 -0.758773 3.112108 1.000000 -0.402310 -0.827264 3.094136 1.000000 -0.125975 0.118933 2.997346 1.000000 -0.124853 -0.401580 3.029150 1.000000 -0.161137 -0.783028 3.157780 1.000000 -0.141820 -0.837012 3.091463 1.000000
6836321312 -0.204240 0.197605 2.993526 1.000000 -0.208927 0.267093 3.025039 1.000000 -0.205689 0.622290 2.999218 1.000000 -0.179313 0.815323 2.982606 1.000000 -0.371785 0.517495 2.993682 1.000000 -0.430645 0.306614 2.950144 1.000000 -0.417804 0.182680 2.755654 1.000000 -0.394131 0.132770 2.668801 1.000000 -0.029704 0.506712 3.037149 1.000000 0.023192 0.283590 3.006883 1.000000 0.032067 0.132661 2.833960 1.000000 0.017273 0.075256 2.737817 1.000000 -0.282186 0.122179 2.982057 1.000000 -0.336992 -0.395014 3.019814 1.000000 -0.368701 -0.758974 3.111833 1.000000 -0.402031 -0.827533 3.093573 1.000000 -0.125443 0.118977 2.997570 1.000000 -0.124286 -0.401993 3.029268 1.000000 -0.160984 -0.783351 3.157356 1.000000 -0.141563 -0.836638 3.088620 1.000000
6836355436 -0.203163 0.198162 2.994059 1.000000 -0.207428 0.267586 3.024392 1.000000 -0.204875 0.622792 3.000614 1.000000 -0.172425 0.815633 2.991389 1.000000 -0.368216 0.520023 2.997502 1.000000 -0.426483 0.311118 2.940604 1.000000 -0.382665 0.243515 2.711665 1.000000 -0.368408 0.216431 2.636244 1.000000 -0.029486 0.506847 3.037373 1.000000 0.020591 0.294167 2.996438 1.000000 0.045316 0.177014 2.799443 1.000000 0.022399 0.132742 2.709438 1.000000 -0.280206 0.123247 2.982630 1.000000 -0.335672 -0.395901 3.020679 1.000000 -0.371538 -0.761761 3.117180 1.000000 -0.402038 -0.827137 3.093712 1.000000 -0.124802 0.119668 2.997988 1.000000 -0.122851 -0.400621 3.029858 1.000000 -0.160752 -0.783268 3.157226 1.000000 -0.144944 -0.834282 3.107965 1.000000
6836398259 -0.201085 0.198724 2.995017 1.000000 -0.204951 0.267851 3.024637 1.000000 -0.201532 0.622129 3.003682 1.000000 -0.168769 0.813972 2.995249 1.000000 -0.365896 0.521035 2.998296 1.000000 -0.463971 0.343650 2.890273 1.000000 -0.379196 0.305742 2.667612 1.000000 -0.350830 0.287354 2.589362 1.000000 -0.028978 0.507133 3.036987 1.000000 0.031370 0.300189 2.975427 1.000000 -0.010172 0.253723 2.752490 1.000000 -0.049841 0.224910 2.661933 1.000000 -0.276871 0.124418 2.984716 1.000000 -0.332231 -0.399086 3.027914 1.000000 -0.370732 -0.760825 3.117409 1.000000 -0.400659 -0.826933 3.091965 1.000000 -0.123832 0.120378 2.997951 1.000000 -0.118997 -0.397371 3.037601 1.000000 -0.160326 -0.782088 3.156987 1.000000 -0.147149 -0.837632 3.111820 1.000000
6836429294 -0.197096 0.203528 2.996524 1.000000 -0.200227 0.272639 3.026695 1.000000 -0.193219 0.630414 3.011600 1.000000 -0.161084 0.821136 3.003045 1.000000 -0.359975 0.526868 3.000210 1.000000 -0.452878 0.351408 2.875560 1.000000 -0.368996 0.356225 2.643614 1.000000 -0.341711 0.357791 2.572616 1.000000 -0.024444 0.509200 3.037331 1.000000 0.058799 0.326810 2.925033 1.000000 -0.042297 0.247804 2.735189 1.000000 -0.091431 0.308594 2.630373 1.000000 -0.272832 0.129267 2.984658 1.000000 -0.330714 -0.398936 3.034559 1.000000 -0.370643 -0.760389 3.116454 1.000000 -0.400217 -0.826594 3.091891 1.000000 -0.121270 0.124662 2.999273 1.000000 -0.116790 -0.394667 3.046251 1.000000 -0.160020 -0.781587 3.157990 1.000000 -0.147848 -0.836942 3.112584 1.000000
6836471176 -0.194002 0.204724 2.998012 1.000000 -0.196607 0.273771 3.028863 1.000000 -0.188613 0.632590 3.016381 1.000000 -0.159820 0.823347 3.010135 1.000000 -0.345469 0.535903 3.005325 1.000000 -0.449655 0.335656 2.834020 1.000000 -0.360059 0.379158 2.608809 1.000000 -0.331028 0.393253 2.540269 1.000000 -0.020152 0.517602 3.039367 1.000000 0.061103 0.322489 2.905046 1.000000 -0.050244 0.337519 2.704677 1.000000 -0.097868 0.359332 2.616577 1.000000 -0.268787 0.131527 2.985112 1.000000 -0.331136 -0.397448 3.039426 1.000000 -0.370717 -0.759853 3.116262 1.000000 -0.397970 -0.823508 3.091722 1.000000 -0.119068 0.127205 3.001054 1.000000 -0.115879 -0.391914 3.054086 1.000000 -0.158918 -0.780832 3.159497 1.000000 -0.148182 -0.835748 3.113496 1.000000
6836504454 -0.192857 0.205488 2.998697 1.000000 -0.194914 0.274226 3.030941 1.000000 -0.186246 0.634991 3.023397 1.000000 -0.158777 0.823138 3.010471 1.000000 -0.340897 0.538570 3.008607 1.000000 -0.451069 0.341042 2.840167 1.000000 -0.373034 0.392641 2.629738 1.000000 -0.350922 0.418629 2.562135 1.000000 -0.017363 0.522593 3.038254 1.000000 0.060466 0.328391 2.895016 1.000000 -0.057770 0.374268 2.688956 1.000000 -0.099670 0.410156 2.603019 1.000000 -0.266966 0.133318 2.985184 1.000000 -0.332064 -0.396426 3.043703 1.000000 -0.369990 -0.759248 3.113560 1.000000 -0.397818 -0.825038 3.087495 1.000000 -0.118565 0.128295 3.001354 1.000000 -0.114773 -0.390490 3.060241 1.000000 -0.158750 -0.779683 3.159822 1.000000 -0.148461 -0.835253 3.114292 1.000000
6836538445 -0.192291 0.204815 2.998987 1.000000 -0.193915 0.272713 3.033336 1.000000 -0.181215 0.633818 3.031556 1.000000 -0.157978 0.819551 3.011994 1.000000 -0.339319 0.540186 3.009494 1.000000 -0.450296 0.341705 2.841420 1.000000 -0.373605 0.407803 2.617158 1.000000 -0.348860 0.429131 2.549210 1.000000 -0.016249 0.525961 3.037671 1.000000 0.062364 0.328041 2.871565 1.000000 -0.073059 0.407471 2.636217 1.000000 -0.118039 0.426688 2.578845 1.000000 -0.266742 0.133125 2.986376 1.000000 -0.332469 -0.395821 3.047622 1.000000 -0.369971 -0.758525 3.114720 1.000000 -0.397263 -0.824158 3.088461 1.000000 -0.118106 0.127773 2.999045 1.000000 -0.113502 -0.391061 3.068992 1.000000 -0.157974 -0.778218 3.160527 1.000000 -0.141037 -0.835968 3.103488 1.000000
6836571327 -0.192097 0.203873 2.999371 1.000000 -0.193604 0.272095 3.035345 1.000000 -0.179428 0.637958 3.033601 1.000000 -0.155123 0.824453 3.015463 1.000000 -0.337941 0.540338 3.010430 1.000000 -0.449776 0.342996 2.845317 1.000000 -0.368660 0.410251 2.640884 1.000000 -0.338947 0.437714 2.546721 1.000000 -0.014039 0.530140 3.037788 1.000000 0.067159 0.339306 2.869126 1.000000 -0.074049 0.409349 2.635810 1.000000 -0.115967 0.443920 2.583026 1.000000 -0.267135 0.132501 2.987650 1.000000 -0.332483 -0.395870 3.051471 1.000000 -0.368800 -0.757161 3.116472 1.000000 -0.397252 -0.825319 3.090960 1.000000 -0.118063 0.127029 2.998203 1.000000 -0.113890 -0.390349 3.070492 1.000000 -0.157382 -0.774515 3.161938 1.000000 -0.146283 -0.830364 3.116833 1.000000
6836615460 -0.191853 0.203539 2.999555 1.000000 -0.193265 0.271712 3.037241 1.000000 -0.177749 0.639785 3.035153 1.000000 -0.153443 0.826030 3.019341 1.000000 -0.337804 0.540399 3.010810 1.000000 -0.431839 0.355550 2.873170 1.000000 -0.363281 0.399902 2.614732 1.000000 -0.353569 0.454335 2.562989 1.000000 -0.013461 0.532414 3.038276 1.000000 0.067556 0.339691 2.868857 1.000000 -0.073851 0.409587 2.636647 1.000000 -0.115294 0.444012 2.583431 1.000000 -0.267246 0.132186 2.988495 1.000000 -0.332293 -0.395698 3.053499 1.000000 -0.368808 -0.757001 3.116844 1.000000 -0.396845 -0.824497 3.090739 1.000000 -0.117866 0.126799 2.997277 1.000000 -0.114578 -0.390713 3.071577 1.000000 -0.157526 -0.774351 3.163079 1.000000 -0.149121 -0.832754 3.120987 1.000000
6836646677 -0.191273 0.204796 3.000021 1.000000 -0.192407 0.272813 3.039363 1.000000 -0.177575 0.639982 3.035687 1.000000 -0.152021 0.825523 3.021278 1.000000 -0.338691 0.541296 3.013757 1.000000 -0.443527 0.353487 2.873822 1.000000 -0.361909 0.383419 2.643569 1.000000 -0.335516 0.393098 2.573534 1.000000 -0.013541 0.532613 3.038608 1.000000 0.069175 0.334635 2.869428 1.000000 -0.063630 0.386860 2.654698 1.000000 -0.100553 0.423456 2.599994 1.000000 -0.266654 0.133552 2.988537 1.000000 -0.332375 -0.395632 3.053626 1.000000 -0.368960 -0.756946 3.117163 1.000000 -0.395296 -0.822442 3.089472 1.000000 -0.117767 0.128255 2.997459 1.000000 -0.114772 -0.390742 3.073380 1.000000 -0.157167 -0.772775 3.164372 1.000000 -0.140056 -0.828284 3.107340 1.000000
6836688151 -0.190618 0.206073 3.001123 1.000000 -0.191310 0.274085 3.042452 1.000000 -0.175975 0.642078 3.039341 1.000000 -0.151874 0.827298 3.021865 1.000000 -0.341259 0.538548 3.016401 1.000000 -0.449442 0.342750 2.869178 1.000000 -0.347945 0.343321 2.645272 1.000000 -0.315135 0.343506 2.577315 1.000000 -0.013505 0.531317 3.039575 1.000000 0.074081 0.336579 2.886459 1.000000 -0.049653 0.351108 2.675356 1.000000 -0.089650 0.355805 2.611537 1.000000 -0.266420 0.134325 2.988942 1.000000 -0.332564 -0.391223 3.054241 1.000000 -0.369387 -0.754637 3.119582 1.000000 -0.401117 -0.819628 3.103533 1.000000 -0.117519 0.129167 2.997984 1.000000 -0.115389 -0.389208 3.075673 1.000000 -0.157247 -0.772019 3.165115 1.000000 -0.144738 -0.825991 3.112399 1.000000
6836722448 -0.190602 0.207504 3.002051 1.000000 -0.191142 0.275281 3.044762 1.000000 -0.175540 0.642619 3.040396 1.000000 -0.152962 0.827073 3.023159 1.000000 -0.343962 0.537331 3.017449 1.000000 -0.449887 0.361893 2.918102 1.000000 -0.393360 0.285422 2.708944 1.000000 -0.340363 0.278837 2.621994 1.000000 -0.013705 0.530910 3.040106 1.000000 0.073990 0.336098 2.901184 1.000000 -0.037714 0.284857 2.708197 1.000000 -0.092949 0.286973 2.622425 1.000000 -0.266574 0.135608 2.989643 1.000000 -0.333108 -0.390416 3.054462 1.000000 -0.368805 -0.753072 3.119424 1.000000 -0.414142 -0.829107 3.077578 1.000000 -0.117837 0.130035 2.998363 1.000000 -0.117011 -0.392415 3.080159 1.000000 -0.157028 -0.772797 3.166136 1.000000 -0.146804 -0.830066 3.105371 1.000000
6836755565 -0.190262 0.208086 3.002718 1.000000 -0.190985 0.275676 3.046584 1.000000 -0.175896 0.642800 3.041151 1.000000 -0.152828 0.826196 3.023968 1.000000 -0.345358 0.536574 3.018067 1.000000 -0.446153 0.352176 2.936909 1.000000 -0.400723 0.253953 2.735075 1.000000 -0.351333 0.223152 2.651328 1.000000 -0.013778 0.530239 3.041018 1.000000 0.074833 0.333888 2.904879 1.000000 -0.045815 0.268647 2.722972 1.000000 -0.102602 0.232229 2.646482 1.000000 -0.265754 0.136093 2.990480 1.000000 -0.333310 -0.390412 3.055074 1.000000 -0.368546 -0.752855 3.119557 1.000000 -0.407277 -0.825230 3.080603 1.000000 -0.117869 0.130403 2.998571 1.000000 -0.117532 -0.390655 3.081196 1.000000 -0.157103 -0.772701 3.166240 1.000000 -0.147152 -0.827841 3.109449 1.000000
6836789149 -0.190316 0.208523 3.003123 1.000000 -0.191254 0.276031 3.048102 1.000000 -0.175736 0.643572 3.042293 1.000000 -0.153134 0.826126 3.025384 1.000000 -0.346751 0.535695 3.018190 1.000000 -0.439461 0.344548 2.948508 1.000000 -0.378406 0.217727 2.770030 1.000000 -0.321396 0.161177 2.706767 1.000000 -0.013306 0.529355 3.042836 1.000000 0.058992 0.327819 2.916808 1.000000 -0.084717 0.167358 2.733919 1.000000 -0.134046 0.121121 2.700189 1.000000 -0.266058 0.136359 2.990728 1.000000 -0.333402 -0.390928 3.057329 1.000000 -0.366668 -0.752869 3.119783 1.000000 -0.402604 -0.822696 3.086435 1.000000 -0.117886 0.130547 2.998697 1.000000 -0.117668 -0.390339 3.081957 1.000000 -0.157010 -0.772639 3.166319 1.000000 -0.148219 -0.827190 3.112217 1.000000
6836832122 -0.191436 0.209516 3.001985 1.000000 -0.192564 0.276375 3.048340 1.000000 -0.177304 0.643376 3.043406 1.000000 -0.152936 0.824907 3.026797 1.000000 -0.348227 0.535878 3.019437 1.000000 -0.435319 0.337450 2.959008 1.000000 -0.363770 0.166260 2.819858 1.000000 -0.330123 0.105758 2.789950 1.000000 -0.011092 0.522030 3.045692 1.000000 0.040302 0.325243 2.934100 1.000000 -0.084656 0.113220 2.796420 1.000000 -0.132446 0.047974 2.772983 1.000000 -0.269143 0.137810 2.987692 1.000000 -0.334256 -0.392114 3.059080 1.000000 -0.366700 -0.753443 3.119433 1.000000 -0.408899 -0.824976 3.067497 1.000000 -0.118312 0.130675 2.997311 1.000000 -0.117934 -0.389578 3.083722 1.000000 -0.156786 -0.772121 3.166016 1.000000 -0.148769 -0.825449 3.114851 1.000000
6836863226 -0.192672 0.209926 2.999269 1.000000 -0.193923 0.276268 3.047293 1.000000 -0.178503 0.643249 3.043813 1.000000 -0.155317 0.824286 3.023898 1.000000 -0.349925 0.535926 3.020022 1.000000 -0.431902 0.329165 2.970299 1.000000 -0.368652 0.112427 2.858918 1.000000 -0.348145 0.039795 2.843293 1.000000 -0.012974 0.520061 3.047227 1.000000 0.023091 0.302584 2.947277 1.000000 -0.071594 0.075256 2.860871 1.000000 -0.106545 -0.019058 2.843576 1.000000 -0.271349 0.138691 2.982628 1.000000 -0.335344 -0.393975 3.061804 1.000000 -0.368038 -0.754717 3.121585 1.000000 -0.398923 -0.830073 3.089664 1.000000 -0.119057 0.130699 2.994290 1.000000 -0.119965 -0.394110 3.089606 1.000000 -0.156795 -0.772677 3.166421 1.000000 -0.139360 -0.833051 3.091074 1.000000
6836905174 -0.193674 0.209919 2.998109 1.000000 -0.195494 0.276183 3.046913 1.000000 -0.181937 0.644110 3.043873 1.000000 -0.154820 0.825777 3.026578 1.000000 -0.352255 0.535438 3.020148 1.000000 -0.425062 0.310189 2.971523 1.000000 -0.378216 0.088613 2.875750 1.000000 -0.364990 -0.003948 2.882356 1.000000 -0.016885 0.517621 3.048663 1.000000 0.004736 0.282126 2.959015 1.000000 -0.044823 0.077118 2.899039 1.000000 -0.084883 -0.012057 2.869859 1.000000 -0.272046 0.138671 2.981658 1.000000 -0.336673 -0.395165 3.064877 1.000000 -0.368160 -0.754949 3.122568 1.000000 -0.398578 -0.828460 3.091910 1.000000 -0.119809 0.130839 2.992938 1.000000 -0.120255 -0.394245 3.090219 1.000000 -0.157174 -0.772704 3.166724 1.000000 -0.141952 -0.834321 3.091759 1.000000
6836938065 -0.194536 0.210284 2.997816 1.000000 -0.197080 0.276628 3.047145 1.000000 -0.186162 0.645250 3.043348 1.000000 -0.155694 0.827188 3.027599 1.000000 -0.356030 0.534948 3.019186 1.000000 -0.422849 0.301414 2.976258 1.000000 -0.386752 0.083437 2.891834 1.000000 -0.373894 0.000018 2.887909 1.000000 -0.019476 0.518184 3.049417 1.000000 -0.002472 0.285910 2.989841 1.000000 -0.037230 0.078583 2.927484 1.000000 -0.077918 -0.012808 2.907647 1.000000 -0.272529 0.138639 2.981369 1.000000 -0.337629 -0.394364 3.066097 1.000000 -0.368046 -0.754785 3.121351 1.000000 -0.402973 -0.831037 3.097891 1.000000 -0.120391 0.131420 2.992859 1.000000 -0.120572 -0.393932 3.090772 1.000000 -0.157222 -0.772862 3.166928 1.000000 -0.143236 -0.833909 3.091111 1.000000
6836971150 -0.196281 0.211241 2.997914 1.000000 -0.199526 0.278009 3.047333 1.000000 -0.189728 0.646333 3.038944 1.000000 -0.156325 0.829447 3.027772 1.000000 -0.360122 0.534717 3.017268 1.000000 -0.425830 0.289010 2.984861 1.000000 -0.400117 0.079165 2.928388 1.000000 -0.378885 -0.004315 2.906515 1.000000 -0.021378 0.517946 3.050802 1.000000 -0.003902 0.284365 3.020382 1.000000 -0.015893 0.079618 2.939945 1.000000 -0.057394 -0.010512 2.916483 1.000000 -0.274056 0.139001 2.981391 1.000000 -0.338734 -0.392198 3.066856 1.000000 -0.368837 -0.755121 3.121522 1.000000 -0.402931 -0.830880 3.098457 1.000000 -0.121913 0.132267 2.994097 1.000000 -0.121193 -0.392185 3.091594 1.000000 -0.157076 -0.772228 3.167240 1.000000 -0.145594 -0.828165 3.100508 1.000000
6837005257 -0.198989 0.212822 2.998664 1.000000 -0.202425 0.279574 3.048012 1.000000 -0.191838 0.646609 3.036852 1.000000 -0.160018 0.830089 3.024701 1.000000 -0.363606 0.535494 3.016591 1.000000 -0.431821 0.288255 2.989930 1.000000 -0.403905 0.078310 2.935745 1.000000 -0.385483 -0.007106 2.918535 1.000000 -0.024810 0.519504 3.052212 1.000000 -0.002919 0.280075 3.028066 1.000000 -0.020188 0.069951 2.969146 1.000000 -0.060942 -0.020433 2.945400 1.000000 -0.276679 0.140347 2.981864 1.000000 -0.339600 -0.389101 3.068045 1.000000 -0.368697 -0.754739 3.122128 1.000000 -0.402468 -0.828606 3.099504 1.000000 -0.124861 0.133642 2.996656 1.000000 -0.121834 -0.392763 3.092837 1.000000 -0.157951 -0.772510 3.168263 1.000000 -0.142142 -0.829909 3.091105 1.000000
6837048545 -0.202625 0.214004 2.999500 1.000000 -0.206901 0.282054 3.046611 1.000000 -0.203907 0.643789 3.021841 1.000000 -0.166585 0.829599 3.021406 1.000000 -0.366634 0.536154 3.015620 1.000000 -0.439742 0.289604 2.996013 1.000000 -0.413038 0.079233 2.943368 1.000000 -0.412890 0.003866 2.943714 1.000000 -0.026750 0.520819 3.054024 1.000000 -0.002332 0.276163 3.033314 1.000000 -0.012217 0.066508 2.970287 1.000000 -0.024197 -0.031105 2.943351 1.000000 -0.280141 0.141264 2.983082 1.000000 -0.340564 -0.386904 3.069271 1.000000 -0.369289 -0.755621 3.123241 1.000000 -0.402432 -0.828565 3.099569 1.000000 -0.127947 0.134011 3.000087 1.000000 -0.124378 -0.392059 3.094280 1.000000 -0.157952 -0.771867 3.169413 1.000000 -0.150062 -0.830235 3.126857 1.000000
6837079651 -0.203977 0.214595 2.999894 1.000000 -0.208696 0.282563 3.045552 1.000000 -0.205208 0.642947 3.021258 1.000000 -0.171321 0.828424 3.015035 1.000000 -0.373492 0.535223 3.013810 1.000000 -0.452329 0.293016 2.999908 1.000000 -0.431664 0.082168 2.946279 1.000000 -0.419356 0.008170 2.938421 1.000000 -0.027680 0.519753 3.055581 1.000000 0.007308 0.273803 3.043424 1.000000 0.003889 0.066041 2.972264 1.000000 -0.010249 -0.030648 2.942860 1.000000 -0.281879 0.141143 2.983477 1.000000 -0.341428 -0.385463 3.071028 1.000000 -0.369220 -0.755488 3.123807 1.000000 -0.400430 -0.823954 3.096004 1.000000 -0.128414 0.133987 3.001062 1.000000 -0.128028 -0.390729 3.096825 1.000000 -0.157860 -0.771457 3.169233 1.000000 -0.149254 -0.829214 3.126184 1.000000
6837122246 -0.205672 0.214212 3.000793 1.000000 -0.210832 0.282352 3.044978 1.000000 -0.206178 0.642687 3.021165 1.000000 -0.173758 0.828170 3.012555 1.000000 -0.378025 0.533665 3.010044 1.000000 -0.458773 0.294174 3.001954 1.000000 -0.436646 0.083954 2.946044 1.000000 -0.427305 -0.002486 2.929832 1.000000 -0.030405 0.519586 3.056082 1.000000 0.015534 0.277085 3.045548 1.000000 0.026978 0.022903 2.956577 1.000000 0.006094 -0.054136 2.928108 1.000000 -0.284139 0.139983 2.985407 1.000000 -0.342495 -0.384231 3.072289 1.000000 -0.369208 -0.756533 3.123918 1.000000 -0.406154 -0.828076 3.074482 1.000000 -0.129450 0.133651 3.002055 1.000000 -0.130697 -0.393538 3.098514 1.000000 -0.157668 -0.772418 3.169269 1.000000 -0.149240 -0.834053 3.105289 1.000000
6837155393 -0.207558 0.214910 3.001411 1.000000 -0.213304 0.283264 3.044040 1.000000 -0.210010 0.643213 3.019884 1.000000 -0.175673 0.828648 3.011037 1.000000 -0.381323 0.534975 3.009729 1.000000 -0.464085 0.297969 3.003958 1.000000 -0.446561 0.084494 2.947044 1.000000 -0.430421 -0.005177 2.932035 1.000000 -0.033520 0.521103 3.058214 1.000000 0.018194 0.278836 3.046274 1.000000 0.040972 0.037197 2.956575 1.000000 0.024509 -0.050242 2.927598 1.000000 -0.285724 0.140109 2.986087 1.000000 -0.343440 -0.383944 3.074077 1.000000 -0.369948 -0.759048 3.125001 1.000000 -0.407280 -0.828261 3.080291 1.000000 -0.130544 0.134178 3.003295 1.000000 -0.131822 -0.392728 3.098544 1.000000 -0.157659 -0.772364 3.170008 1.000000 -0.148600 -0.830178 3.104665 1.000000
6837188239 -0.209230 0.214647 3.002023 1.000000 -0.215199 0.283199 3.043348 1.000000 -0.211237 0.643422 3.019997 1.000000 -0.175885 0.826396 3.002127 1.000000 -0.383641 0.535338 3.009112 1.000000 -0.465839 0.298039 3.004236 1.000000 -0.452909 0.072680 2.944886 1.000000 -0.436159 -0.008204 2.933875 1.000000 -0.038245 0.523519 3.060006 1.000000 0.021050 0.282357 3.046326 1.000000 0.052053 0.037345 2.959377 1.000000 0.050782 -0.051431 2.925948 1.000000 -0.287048 0.139698 2.986317 1.000000 -0.343812 -0.384214 3.074415 1.000000 -0.370216 -0.759566 3.126211 1.000000 -0.405260 -0.827415 3.085206 1.000000 -0.132359 0.133928 3.005041 1.000000 -0.133258 -0.393933 3.099371 1.000000 -0.157649 -0.773317 3.170864 1.000000 -0.148932 -0.831160 3.104435 1.000000
6837222249 -0.211242 0.214448 3.002594 1.000000 -0.216842 0.283169 3.042454 1.000000 -0.212246 0.643037 3.019124 1.000000 -0.177306 0.826576 3.001670 1.000000 -0.385034 0.535307 3.008745 1.000000 -0.467400 0.297875 3.004450 1.000000 -0.461556 0.059384 2.944871 1.000000 -0.450451 -0.020988 2.934630 1.000000 -0.039121 0.524771 3.059221 1.000000 0.022564 0.282638 3.046697 1.000000 0.059854 0.030697 2.956275 1.000000 0.058817 -0.055308 2.934342 1.000000 -0.289353 0.139035 2.986638 1.000000 -0.344737 -0.384480 3.075591 1.000000 -0.370625 -0.758942 3.125735 1.000000 -0.412205 -0.824893 3.101921 1.000000 -0.134506 0.133425 3.006981 1.000000 -0.133918 -0.394675 3.099860 1.000000 -0.157563 -0.773367 3.170892 1.000000 -0.149265 -0.831872 3.099859 1.000000
6837265335 -0.213865 0.213499 3.002618 1.000000 -0.219569 0.282397 3.040966 1.000000 -0.215067 0.642022 3.017472 1.000000 -0.179250 0.825989 3.000802 1.000000 -0.386037 0.535187 3.007311 1.000000 -0.469217 0.298273 3.002380 1.000000 -0.467949 0.052497 2.941368 1.000000 -0.454426 -0.036760 2.939452 1.000000 -0.040233 0.525274 3.058659 1.000000 0.023271 0.282677 3.046428 1.000000 0.071962 0.024840 2.961699 1.000000 0.077775 -0.055793 2.949922 1.000000 -0.291612 0.138217 2.987059 1.000000 -0.346218 -0.383993 3.076260 1.000000 -0.370260 -0.758869 3.126275 1.000000 -0.411086 -0.823863 3.103943 1.000000 -0.136814 0.132551 3.007248 1.000000 -0.134648 -0.395653 3.100674 1.000000 -0.158485 -0.774805 3.172231 1.000000 -0.139675 -0.828601 3.091834 1.000000
6837296266 -0.217804 0.212928 3.002537 1.000000 -0.223536 0.281984 3.039261 1.000000 -0.218939 0.641021 3.015492 1.000000 -0.186462 0.822452 2.988506 1.000000 -0.387751 0.534978 3.006017 1.000000 -0.470227 0.296285 2.998689 1.000000 -0.474854 0.043739 2.930150 1.000000 -0.459857 -0.040721 2.936265 1.000000 -0.043503 0.526745 3.058408 1.000000 0.024311 0.282235 3.046134 1.000000 0.073309 0.026184 2.965227 1.000000 0.080479 -0.053637 2.953178 1.000000 -0.295037 0.137801 2.987448 1.000000 -0.348109 -0.385140 3.077348 1.000000 -0.370954 -0.759972 3.125998 1.000000 -0.407137 -0.825788 3.094737 1.000000 -0.140840 0.132236 3.007483 1.000000 -0.135149 -0.395064 3.100142 1.000000 -0.158271 -0.774593 3.172813 1.000000 -0.153138 -0.823089 3.118814 1.000000
6837338060 -0.219339 0.213016 3.002832 1.000000 -0.224880 0.282121 3.038402 1.000000 -0.220117 0.640960 3.015682 1.000000 -0.190924 0.825386 2.994570 1.000000 -0.390377 0.535138 3.004833 1.000000 -0.471755 0.291440 2.992908 1.000000 -0.476307 0.036637 2.922578 1.000000 -0.466945 -0.044376 2.929472 1.000000 -0.045391 0.528090 3.057375 1.000000 0.024335 0.282246 3.046242 1.000000 0.072863 0.026154 2.965850 1.000000 0.078943 -0.055282 2.952202 1.000000 -0.296731 0.137693 2.988043 1.000000 -0.349565 -0.385459 3.077675 1.000000 -0.370762 -0.760067 3.126188 1.000000 -0.415477 -0.829404 3.112260 1.000000 -0.142167 0.132339 3.007600 1.000000 -0.136495 -0.396163 3.101022 1.000000 -0.158331 -0.774711 3.172846 1.000000 -0.147699 -0.826955 3.104439 1.000000
6837371569 -0.221204 0.212404 3.002539 1.000000 -0.226802 0.281613 3.036865 1.000000 -0.221963 0.640272 3.014663 1.000000 -0.193391 0.826006 2.996158 1.000000 -0.390876 0.535074 3.004057 1.000000 -0.472316 0.291313 2.988481 1.000000 -0.476640 0.037022 2.916924 1.000000 -0.467743 -0.048405 2.911575 1.000000 -0.049062 0.529246 3.058017 1.000000 0.022176 0.281668 3.046704 1.000000 0.064986 0.039672 2.968328 1.000000 0.069943 -0.053540 2.948965 1.000000 -0.297972 0.137393 2.987942 1.000000 -0.350630 -0.385209 3.077903 1.000000 -0.370007 -0.760411 3.125976 1.000000 -0.416770 -0.830572 3.113617 1.000000 -0.144453 0.132277 3.007488 1.000000 -0.137176 -0.395930 3.100737 1.000000 -0.158552 -0.774149 3.173816 1.000000 -0.146509 -0.825525 3.106395 1.000000
6837405356 -0.222041 0.212097 3.002028 1.000000 -0.227576 0.281265 3.035590 1.000000 -0.223082 0.639785 3.014988 1.000000 -0.194220 0.825655 2.995939 1.000000 -0.391939 0.534912 3.002807 1.000000 -0.472483 0.291158 2.984388 1.000000 -0.475013 0.037325 2.904518 1.000000 -0.466160 -0.048095 2.906506 1.000000 -0.052437 0.530187 3.056876 1.000000 0.014568 0.278844 3.046603 1.000000 0.051477 0.037206 2.967288 1.000000 0.049573 -0.060267 2.940898 1.000000 -0.298556 0.137266 2.987184 1.000000 -0.352036 -0.384511 3.078909 1.000000 -0.369989 -0.760126 3.126843 1.000000 -0.412347 -0.827146 3.109733 1.000000 -0.145467 0.132247 3.007006 1.000000 -0.137851 -0.395610 3.100732 1.000000 -0.158525 -0.774123 3.173873 1.000000 -0.147936 -0.825279 3.110697 1.000000
6837439328 -0.222510 0.212069 3.001466 1.000000 -0.228046 0.281247 3.034368 1.000000 -0.223875 0.639830 3.014960 1.000000 -0.195890 0.826360 2.996478 1.000000 -0.392641 0.534684 3.002319 1.000000 -0.472971 0.292916 2.982498 1.000000 -0.471128 0.045972 2.893675 1.000000 -0.458295 -0.041356 2.896753 1.000000 -0.053760 0.531183 3.057032 1.000000 0.006747 0.271767 3.049267 1.000000 0.023587 0.047328 2.971092 1.000000 0.015223 -0.051533 2.946775 1.000000 -0.298850 0.137313 2.986365 1.000000 -0.353165 -0.384437 3.079257 1.000000 -0.369982 -0.759968 3.126826 1.000000 -0.411984 -0.827562 3.109859 1.000000 -0.146004 0.132354 3.006472 1.000000 -0.139457 -0.396748 3.099918 1.000000 -0.158770 -0.774411 3.174007 1.000000 -0.146655 -0.826034 3.111076 1.000000
6837482501 -0.222980 0.212398 3.000964 1.000000 -0.228607 0.281706 3.033096 1.000000 -0.225524 0.640679 3.014127 1.000000 -0.198221 0.829397 3.001550 1.000000 -0.393109 0.534630 3.001971 1.000000 -0.473106 0.293064 2.982068 1.000000 -0.462542 0.061058 2.885452 1.000000 -0.442071 -0.029853 2.879145 1.000000 -0.054026 0.531390 3.057086 1.000000 0.000831 0.267627 3.051997 1.000000 0.003997 0.044451 2.976822 1.000000 -0.005444 -0.054891 2.953964 1.000000 -0.299231 0.137667 2.985593 1.000000 -0.353808 -0.385007 3.079804 1.000000 -0.370151 -0.759890 3.126933 1.000000 -0.409061 -0.825329 3.107904 1.000000 -0.146270 0.132604 3.006277 1.000000 -0.140697 -0.395274 3.098346 1.000000 -0.159282 -0.774513 3.174146 1.000000 -0.146899 -0.826179 3.113757 1.000000
6837513760 -0.223647 0.212936 2.999245 1.000000 -0.229377 0.282126 3.031195 1.000000 -0.227232 0.641226 3.013877 1.000000 -0.200086 0.827757 2.992977 1.000000 -0.394815 0.534081 3.001804 1.000000 -0.475484 0.293762 2.979421 1.000000 -0.454161 0.068351 2.886762 1.000000 -0.436771 -0.024830 2.874841 1.000000 -0.054585 0.531794 3.057407 1.000000 -0.005303 0.269179 3.052808 1.000000 -0.031891 0.003521 2.976112 1.000000 -0.030544 -0.069137 2.955140 1.000000 -0.299791 0.137786 2.982520 1.000000 -0.354472 -0.385327 3.080239 1.000000 -0.370486 -0.759877 3.126475 1.000000 -0.412152 -0.827763 3.109964 1.000000 -0.146628 0.133192 3.004942 1.000000 -0.141708 -0.394393 3.096864 1.000000 -0.159285 -0.773734 3.173795 1.000000 -0.146346 -0.824698 3.113598 1.000000
6837555168 -0.224039 0.213264 2.997804 1.000000 -0.229674 0.282111 3.030343 1.000000 -0.227414 0.641207 3.015394 1.000000 -0.201116 0.829269 2.997935 1.000000 -0.397768 0.533098 3.000605 1.000000 -0.478769 0.299954 2.981141 1.000000 -0.439226 0.074070 2.879525 1.000000 -0.420714 -0.015667 2.873473 1.000000 -0.056070 0.532402 3.057108 1.000000 -0.009076 0.271669 3.050808 1.000000 -0.033702 0.066287 2.975547 1.000000 -0.049103 -0.011276 2.946814 1.000000 -0.300441 0.137983 2.980156 1.000000 -0.354710 -0.384712 3.079555 1.000000 -0.371045 -0.757025 3.126486 1.000000 -0.400245 -0.815050 3.086929 1.000000 -0.146993 0.133796 3.002318 1.000000 -0.142471 -0.394920 3.096269 1.000000 -0.159787 -0.774275 3.174258 1.000000 -0.143224 -0.828509 3.094018 1.000000
6837588223 -0.224847 0.213623 2.995844 1.000000 -0.230358 0.282243 3.029185 1.000000 -0.227791 0.641508 3.016060 1.000000 -0.202638 0.830880 3.001428 1.000000 -0.399660 0.532928 3.000693 1.000000 -0.477935 0.299845 2.979952 1.000000 -0.429583 0.086804 2.869231 1.000000 -0.411063 0.007215 2.867253 1.000000 -0.056815 0.532500 3.057179 1.000000 -0.012539 0.277981 3.049131 1.000000 -0.025773 0.083130 2.943615 1.000000 -0.038841 0.051323 2.939000 1.000000 -0.301603 0.138044 2.977552 1.000000 -0.355253 -0.385116 3.079510 1.000000 -0.371629 -0.758071 3.126798 1.000000 -0.404391 -0.825782 3.083356 1.000000 -0.147642 0.134272 2.999523 1.000000 -0.143854 -0.395864 3.095200 1.000000 -0.159942 -0.774702 3.174577 1.000000 -0.144163 -0.830159 3.094906 1.000000
6837622233 -0.225961 0.214269 2.992258 1.000000 -0.231514 0.282521 3.026976 1.000000 -0.228206 0.641778 3.016325 1.000000 -0.203663 0.831450 3.001513 1.000000 -0.400692 0.533039 3.000453 1.000000 -0.477076 0.305456 2.976407 1.000000 -0.411703 0.098876 2.840678 1.000000 -0.389169 0.027231 2.831294 1.000000 -0.057335 0.532523 3.057437 1.000000 -0.012824 0.287101 3.046242 1.000000 -0.039400 0.098819 2.930655 1.000000 -0.077102 0.014315 2.886793 1.000000 -0.303270 0.138646 2.973017 1.000000 -0.355470 -0.385277 3.079077 1.000000 -0.371454 -0.757792 3.126597 1.000000 -0.405491 -0.825146 3.100799 1.000000 -0.148296 0.134858 2.995043 1.000000 -0.144693 -0.395919 3.094570 1.000000 -0.159882 -0.774782 3.174515 1.000000 -0.144769 -0.830006 3.094480 1.000000
6837655248 -0.226503 0.215262 2.988750 1.000000 -0.232365 0.282976 3.025182 1.000000 -0.228882 0.642164 3.016918 1.000000 -0.206272 0.832316 3.005711 1.000000 -0.401105 0.533302 3.000312 1.000000 -0.475812 0.310047 2.972961 1.000000 -0.404541 0.157715 2.790556 1.000000 -0.390381 0.083008 2.794462 1.000000 -0.059196 0.533586 3.057897 1.000000 -0.012988 0.293736 3.037027 1.000000 -0.048429 0.132036 2.885189 1.000000 -0.088872 0.044852 2.849732 1.000000 -0.303235 0.140362 2.968041 1.000000 -0.355452 -0.385313 3.078781 1.000000 -0.371718 -0.757892 3.128492 1.000000 -0.405649 -0.825090 3.101579 1.000000 -0.149067 0.136080 2.991032 1.000000 -0.144989 -0.395808 3.093871 1.000000 -0.159861 -0.774732 3.174470 1.000000 -0.145170 -0.830292 3.094513 1.000000
6837699308 -0.227337 0.215751 2.988336 1.000000 -0.233410 0.283169 3.025917 1.000000 -0.230340 0.643080 3.019209 1.000000 -0.207014 0.832048 3.006710 1.000000 -0.402846 0.533466 3.000466 1.000000 -0.485100 0.335937 2.949651 1.000000 -0.407227 0.222900 2.761265 1.000000 -0.372803 0.157227 2.716343 1.000000 -0.060880 0.534067 3.058242 1.000000 -0.009340 0.318642 3.020010 1.000000 -0.070740 0.174561 2.819858 1.000000 -0.101739 0.120123 2.777518 1.000000 -0.303572 0.140709 2.967777 1.000000 -0.355498 -0.385378 3.078723 1.000000 -0.371912 -0.758002 3.127777 1.000000 -0.411929 -0.829970 3.112525 1.000000 -0.150618 0.136711 2.990184 1.000000 -0.145016 -0.395784 3.093914 1.000000 -0.159871 -0.774714 3.174640 1.000000 -0.145238 -0.828237 3.093161 1.000000
6837730410 -0.227646 0.215757 2.989299 1.000000 -0.233960 0.282955 3.028000 1.000000 -0.231682 0.643442 3.022006 1.000000 -0.209639 0.831452 3.008217 1.000000 -0.403906 0.533046 3.000877 1.000000 -0.496283 0.352469 2.902791 1.000000 -0.414060 0.289240 2.700806 1.000000 -0.366767 0.262317 2.614197 1.000000 -0.061439 0.534417 3.058195 1.000000 0.004784 0.337451 2.976268 1.000000 0.007859 0.245532 2.768271 1.000000 0.008884 0.214892 2.703506 1.000000 -0.303680 0.140407 2.969373 1.000000 -0.355879 -0.385544 3.078377 1.000000 -0.372150 -0.758024 3.127695 1.000000 -0.412297 -0.830976 3.114789 1.000000 -0.150862 0.136814 2.990876 1.000000 -0.144842 -0.395431 3.093338 1.000000 -0.159887 -0.774683 3.174117 1.000000 -0.145530 -0.827797 3.104944 1.000000
6837772256 -0.227796 0.215034 2.990649 1.000000 -0.234232 0.282240 3.030215 1.000000 -0.231704 0.643037 3.023470 1.000000 -0.212070 0.830017 3.007647 1.000000 -0.404382 0.532350 3.001173 1.000000 -0.497399 0.353266 2.900881 1.000000 -0.414621 0.309239 2.693996 1.000000 -0.387029 0.294564 2.629602 1.000000 -0.062502 0.534234 3.057837 1.000000 0.026199 0.343994 2.927320 1.000000 -0.055746 0.307241 2.718568 1.000000 -0.060059 0.316895 2.694867 1.000000 -0.303682 0.139534 2.971281 1.000000 -0.356022 -0.386052 3.078692 1.000000 -0.372160 -0.758018 3.127671 1.000000 -0.413529 -0.831894 3.117876 1.000000 -0.151070 0.136392 2.992124 1.000000 -0.144862 -0.396028 3.093069 1.000000 -0.159811 -0.774604 3.173953 1.000000 -0.146725 -0.829673 3.101685 1.000000
6837806405 -0.228049 0.215636 2.991751 1.000000 -0.235154 0.282489 3.032837 1.000000 -0.233493 0.644482 3.028288 1.000000 -0.211170 0.830486 3.009443 1.000000 -0.404428 0.535817 3.003399 1.000000 -0.495605 0.372559 2.843339 1.000000 -0.368645 0.391290 2.657579 1.000000 -0.320289 0.421607 2.572692 1.000000 -0.062458 0.543856 3.063308 1.000000 0.041207 0.355393 2.904900 1.000000 -0.052369 0.394321 2.681456 1.000000 -0.082741 0.406956 2.613382 1.000000 -0.303738 0.139892 2.972037 1.000000 -0.356219 -0.386026 3.078419 1.000000 -0.372496 -0.758167 3.127079 1.000000 -0.406913 -0.829397 3.108970 1.000000 -0.151190 0.137118 2.993103 1.000000 -0.144908 -0.396412 3.093061 1.000000 -0.159255 -0.774984 3.171737 1.000000 -0.147114 -0.832366 3.099478 1.000000
6837839349 -0.228166 0.215189 2.992061 1.000000 -0.233527 0.281339 3.034950 1.000000 -0.233330 0.644152 3.034587 1.000000 -0.212125 0.828705 3.010136 1.000000 -0.371846 0.553525 3.031286 1.000000 -0.493474 0.401429 2.830938 1.000000 -0.375833 0.470392 2.651407 1.000000 -0.334932 0.526124 2.575899 1.000000 -0.061102 0.546092 3.067815 1.000000 0.035447 0.378589 2.866940 1.000000 -0.053736 0.443692 2.669111 1.000000 -0.069702 0.492432 2.610885 1.000000 -0.303147 0.140547 2.973040 1.000000 -0.356454 -0.385696 3.077805 1.000000 -0.372283 -0.757371 3.127887 1.000000 -0.405375 -0.826957 3.107474 1.000000 -0.151977 0.137434 2.992710 1.000000 -0.144677 -0.396681 3.092869 1.000000 -0.158759 -0.776230 3.172362 1.000000 -0.147156 -0.832385 3.098722 1.000000
6837872284 -0.227894 0.215696 2.991887 1.000000 -0.238027 0.281958 3.035164 1.000000 -0.238402 0.649066 3.034455 1.000000 -0.214961 0.835124 3.017276 1.000000 -0.382080 0.510742 2.987402 1.000000 -0.474527 0.429550 2.784729 1.000000 -0.342529 0.560547 2.622594 1.000000 -0.319972 0.618932 2.580132 1.000000 -0.065810 0.553986 3.066817 1.000000 0.038849 0.416992 2.833558 1.000000 -0.077881 0.543457 2.618687 1.000000 -0.085942 0.607944 2.579995 1.000000 -0.301890 0.142140 2.973564 1.000000 -0.358010 -0.379568 3.074645 1.000000 -0.369754 -0.751937 3.127406 1.000000 -0.410407 -0.824448 3.110045 1.000000 -0.150638 0.141396 2.991063 1.000000 -0.144886 -0.394444 3.091994 1.000000 -0.159250 -0.776633 3.172245 1.000000 -0.147448 -0.832472 3.098745 1.000000
6837916695 -0.227818 0.214350 2.991670 1.000000 -0.233331 0.281532 3.036968 1.000000 -0.237931 0.656178 3.036657 1.000000 -0.212279 0.841330 3.017084 1.000000 -0.384075 0.511561 2.987818 1.000000 -0.482578 0.452746 2.779938 1.000000 -0.341329 0.584212 2.629456 1.000000 -0.306351 0.648538 2.611286 1.000000 -0.095886 0.508789 3.018659 1.000000 0.035822 0.469861 2.827280 1.000000 -0.075015 0.582296 2.643024 1.000000 -0.108041 0.627944 2.592853 1.000000 -0.300517 0.141853 2.973531 1.000000 -0.358058 -0.378907 3.074246 1.000000 -0.370043 -0.752489 3.127531 1.000000 -0.410842 -0.825044 3.111139 1.000000 -0.151862 0.141485 2.990816 1.000000 -0.144402 -0.392003 3.090833 1.000000 -0.159597 -0.776423 3.172864 1.000000 -0.148296 -0.829389 3.112451 1.000000
6837949310 -0.227922 0.212899 2.990830 1.000000 -0.233284 0.279875 3.037506 1.000000 -0.236336 0.652500 3.038884 1.000000 -0.213970 0.836330 3.015629 1.000000 -0.385220 0.511904 2.988375 1.000000 -0.484414 0.518270 2.771937 1.000000 -0.307861 0.629395 2.636263 1.000000 -0.300850 0.685902 2.586834 1.000000 -0.092617 0.510515 3.018646 1.000000 0.039520 0.513225 2.823410 1.000000 -0.112435 0.655143 2.608169 1.000000 -0.145728 0.698816 2.556500 1.000000 -0.301049 0.141163 2.970805 1.000000 -0.358104 -0.378286 3.073590 1.000000 -0.370129 -0.752806 3.127602 1.000000 -0.407087 -0.822201 3.104847 1.000000 -0.151967 0.140648 2.990664 1.000000 -0.144577 -0.391784 3.089597 1.000000 -0.159343 -0.775120 3.170824 1.000000 -0.135957 -0.830859 3.092768 1.000000
6837980807 -0.228247 0.213084 2.990894 1.000000 -0.232984 0.279770 3.038512 1.000000 -0.236078 0.651528 3.039703 1.000000 -0.213015 0.830972 3.006289 1.000000 -0.390635 0.552114 3.000025 1.000000 -0.471451 0.546854 2.775250 1.000000 -0.294558 0.655626 2.634759 1.000000 -0.230347 0.702148 2.608914 1.000000 -0.086856 0.522063 3.022697 1.000000 0.053520 0.535252 2.822496 1.000000 -0.084045 0.684570 2.644070 1.000000 -0.126788 0.716461 2.590919 1.000000 -0.301771 0.142087 2.970057 1.000000 -0.358085 -0.378538 3.073169 1.000000 -0.371134 -0.754991 3.130523 1.000000 -0.407366 -0.824656 3.102935 1.000000 -0.152674 0.140932 2.991357 1.000000 -0.144650 -0.390677 3.088841 1.000000 -0.159315 -0.775036 3.170584 1.000000 -0.150315 -0.834798 3.114905 1.000000
6838022486 -0.228419 0.214091 2.990658 1.000000 -0.233398 0.280922 3.039013 1.000000 -0.236104 0.653491 3.038970 1.000000 -0.211356 0.834934 3.008324 1.000000 -0.391822 0.554003 3.000223 1.000000 -0.483574 0.565956 2.780771 1.000000 -0.308742 0.683140 2.639024 1.000000 -0.254847 0.731677 2.610618 1.000000 -0.084875 0.526931 3.024584 1.000000 0.071753 0.572734 2.827240 1.000000 -0.032315 0.700821 2.677861 1.000000 -0.085083 0.736328 2.644063 1.000000 -0.302297 0.143231 2.969504 1.000000 -0.357952 -0.378782 3.072792 1.000000 -0.369423 -0.748881 3.132617 1.000000 -0.405294 -0.822177 3.104537 1.000000 -0.152534 0.142015 2.991488 1.000000 -0.144429 -0.390671 3.088126 1.000000 -0.159263 -0.775048 3.170602 1.000000 -0.149285 -0.832232 3.118347 1.000000
6838055819 -0.228504 0.215277 2.989790 1.000000 -0.234572 0.284437 3.038344 1.000000 -0.246094 0.675104 3.031494 1.000000 -0.212268 0.858667 3.015928 1.000000 -0.392148 0.555244 3.000686 1.000000 -0.500748 0.582482 2.787034 1.000000 -0.347412 0.722656 2.640159 1.000000 -0.282089 0.755029 2.621992 1.000000 -0.075044 0.540993 3.030402 1.000000 0.087267 0.599816 2.835439 1.000000 -0.059113 0.761230 2.681175 1.000000 -0.099758 0.798737 2.630319 1.000000 -0.302280 0.143943 2.969254 1.000000 -0.358000 -0.378808 3.072562 1.000000 -0.370981 -0.751236 3.132561 1.000000 -0.404037 -0.821656 3.103555 1.000000 -0.151948 0.142779 2.990582 1.000000 -0.144110 -0.392060 3.087199 1.000000 -0.159189 -0.776146 3.171382 1.000000 -0.147396 -0.830717 3.111995 1.000000
6838088857 -0.228638 0.216402 2.989323 1.000000 -0.235019 0.283797 3.038687 1.000000 -0.232046 0.657401 3.038773 1.000000 -0.217380 0.844440 3.028080 1.000000 -0.392033 0.554640 3.000726 1.000000 -0.522430 0.593782 2.788141 1.000000 -0.382080 0.760742 2.642112 1.000000 -0.328338 0.811182 2.627701 1.000000 -0.069767 0.543634 3.034889 1.000000 0.098220 0.615563 2.862539 1.000000 0.053528 0.770115 2.708632 1.000000 -0.012889 0.831444 2.662249 1.000000 -0.302902 0.144870 2.968367 1.000000 -0.357966 -0.379320 3.072438 1.000000 -0.372045 -0.754530 3.131992 1.000000 -0.413915 -0.830493 3.084702 1.000000 -0.152241 0.143442 2.989892 1.000000 -0.144255 -0.392993 3.086893 1.000000 -0.159689 -0.776996 3.171983 1.000000 -0.143181 -0.835157 3.093851 1.000000
6838132703 -0.228747 0.219346 2.987767 1.000000 -0.235259 0.286135 3.037621 1.000000 -0.233333 0.656235 3.031942 1.000000 -0.216122 0.843709 3.025960 1.000000 -0.393508 0.557319 2.999288 1.000000 -0.541686 0.597021 2.798894 1.000000 -0.457275 0.784180 2.675317 1.000000 -0.409668 0.854492 2.653832 1.000000 -0.068207 0.548088 3.035296 1.000000 0.116646 0.622223 2.877913 1.000000 0.074597 0.795633 2.747369 1.000000 0.023941 0.873482 2.705636 1.000000 -0.302884 0.146636 2.968384 1.000000 -0.357908 -0.379510 3.071910 1.000000 -0.371975 -0.754362 3.130874 1.000000 -0.405030 -0.822560 3.093695 1.000000 -0.152456 0.145678 2.987411 1.000000 -0.144320 -0.392046 3.085952 1.000000 -0.159906 -0.776986 3.172082 1.000000 -0.150740 -0.839561 3.135785 1.000000
6838164162 -0.228536 0.222678 2.986750 1.000000 -0.235117 0.288225 3.037093 1.000000 -0.232928 0.655654 3.030674 1.000000 -0.204345 0.839850 3.017081 1.000000 -0.394409 0.558878 2.998881 1.000000 -0.559365 0.589495 2.818878 1.000000 -0.533203 0.782227 2.704616 1.000000 -0.505371 0.873047 2.692897 1.000000 -0.064745 0.552763 3.036976 1.000000 0.140398 0.628553 2.915436 1.000000 0.131285 0.805913 2.783880 1.000000 0.095798 0.885878 2.731845 1.000000 -0.302872 0.149193 2.967456 1.000000 -0.357805 -0.378142 3.070146 1.000000 -0.369886 -0.753525 3.127357 1.000000 -0.404177 -0.821946 3.099698 1.000000 -0.152373 0.146992 2.986779 1.000000 -0.144333 -0.391620 3.084958 1.000000 -0.159838 -0.776360 3.172233 1.000000 -0.150739 -0.837345 3.133503 1.000000
6838195540 -0.228259 0.223160 2.986308 1.000000 -0.234296 0.289083 3.036791 1.000000 -0.230095 0.651800 3.024315 1.000000 -0.202142 0.837222 3.013821 1.000000 -0.394506 0.559068 2.998561 1.000000 -0.585752 0.605968 2.816582 1.000000 -0.588093 0.793539 2.701745 1.000000 -0.570313 0.868652 2.694853 1.000000 -0.058811 0.551518 3.034589 1.000000 0.154198 0.631199 2.922048 1.000000 0.171143 0.826660 2.808134 1.000000 0.147545 0.908926 2.752713 1.000000 -0.302895 0.149280 2.967472 1.000000 -0.358089 -0.378146 3.069241 1.000000 -0.372338 -0.760361 3.130952 1.000000 -0.410358 -0.826632 3.092197 1.000000 -0.151969 0.146888 2.986113 1.000000 -0.144570 -0.393488 3.084192 1.000000 -0.159738 -0.776510 3.172188 1.000000 -0.150220 -0.834400 3.103276 1.000000
6838239421 -0.227088 0.225752 2.985678 1.000000 -0.233470 0.291030 3.036103 1.000000 -0.228739 0.651134 3.022095 1.000000 -0.203402 0.836314 3.008599 1.000000 -0.395487 0.559482 2.996623 1.000000 -0.600389 0.579287 2.846756 1.000000 -0.639648 0.782227 2.718291 1.000000 -0.644043 0.866699 2.702666 1.000000 -0.054536 0.554919 3.036472 1.000000 0.170223 0.611138 2.955602 1.000000 0.223145 0.844238 2.829619 1.000000 0.212394 0.915716 2.808699 1.000000 -0.302511 0.150623 2.966952 1.000000 -0.357942 -0.377807 3.068518 1.000000 -0.371958 -0.758197 3.129982 1.000000 -0.407958 -0.825676 3.099602 1.000000 -0.151032 0.147575 2.986061 1.000000 -0.144234 -0.394005 3.083085 1.000000 -0.160237 -0.776275 3.171887 1.000000 -0.150198 -0.834451 3.103173 1.000000
6838272568 -0.226333 0.227000 2.985250 1.000000 -0.232624 0.292807 3.034681 1.000000 -0.227234 0.649274 3.014461 1.000000 -0.203497 0.835828 3.004198 1.000000 -0.396169 0.559209 2.995841 1.000000 -0.614218 0.555946 2.870334 1.000000 -0.698486 0.782471 2.742705 1.000000 -0.707266 0.843929 2.700192 1.000000 -0.050949 0.554857 3.036926 1.000000 0.178750 0.593628 2.969863 1.000000 0.273682 0.817383 2.837431 1.000000 0.281529 0.891766 2.829242 1.000000 -0.302406 0.150960 2.966673 1.000000 -0.357969 -0.378322 3.067883 1.000000 -0.371590 -0.757364 3.129124 1.000000 -0.403530 -0.820456 3.091227 1.000000 -0.149709 0.147760 2.986602 1.000000 -0.144447 -0.394800 3.082535 1.000000 -0.160246 -0.776285 3.171878 1.000000 -0.150209 -0.833704 3.102257 1.000000
6838305480 -0.225568 0.228504 2.984557 1.000000 -0.231731 0.294669 3.032338 1.000000 -0.225700 0.647903 3.008155 1.000000 -0.202392 0.835485 3.000761 1.000000 -0.396568 0.558979 2.994897 1.000000 -0.602539 0.521484 2.909719 1.000000 -0.736816 0.690918 2.769071 1.000000 -0.771291 0.752609 2.743669 1.000000 -0.047810 0.555063 3.037738 1.000000 0.219521 0.575504 2.980539 1.000000 0.323096 0.737697 2.875830 1.000000 0.342041 0.820313 2.860868 1.000000 -0.302235 0.151647 2.966233 1.000000 -0.357655 -0.378307 3.067425 1.000000 -0.370579 -0.755763 3.127706 1.000000 -0.402934 -0.819869 3.091242 1.000000 -0.148817 0.148039 2.986840 1.000000 -0.144043 -0.394952 3.082178 1.000000 -0.160456 -0.776423 3.172186 1.000000 -0.138961 -0.828499 3.091131 1.000000
6838349648 -0.224929 0.228728 2.984004 1.000000 -0.231138 0.294921 3.030608 1.000000 -0.225529 0.647961 3.007598 1.000000 -0.199496 0.832817 2.990878 1.000000 -0.396785 0.558536 2.994154 1.000000 -0.622379 0.490863 2.923520 1.000000 -0.796875 0.628906 2.782742 1.000000 -0.837804 0.671615 2.736475 1.000000 -0.046016 0.552033 3.038918 1.000000 0.181641 0.509766 3.019094 1.000000 0.385254 0.675293 2.899930 1.000000 0.422521 0.739838 2.890709 1.000000 -0.301853 0.151606 2.965725 1.000000 -0.357206 -0.379225 3.066829 1.000000 -0.371943 -0.757793 3.129307 1.000000 -0.401861 -0.820675 3.091587 1.000000 -0.147651 0.147925 2.986548 1.000000 -0.142531 -0.393611 3.081120 1.000000 -0.160417 -0.776388 3.172160 1.000000 -0.149658 -0.829102 3.122609 1.000000
6838381139 -0.224465 0.228450 2.983391 1.000000 -0.230927 0.294595 3.028839 1.000000 -0.225679 0.647156 3.006523 1.000000 -0.199623 0.831795 2.991302 1.000000 -0.397134 0.557616 2.993737 1.000000 -0.597656 0.454590 2.974173 1.000000 -0.779568 0.467892 2.851187 1.000000 -0.834509 0.503502 2.814559 1.000000 -0.044253 0.546287 3.041470 1.000000 0.178467 0.461914 3.038626 1.000000 0.388184 0.536133 2.962430 1.000000 0.459785 0.601069 2.931468 1.000000 -0.301501 0.150964 2.964792 1.000000 -0.356246 -0.379571 3.065978 1.000000 -0.371460 -0.757268 3.129207 1.000000 -0.405614 -0.821772 3.099835 1.000000 -0.146536 0.147100 2.986264 1.000000 -0.141549 -0.392713 3.080801 1.000000 -0.159691 -0.775131 3.170861 1.000000 -0.148890 -0.827455 3.120854 1.000000
6838411574 -0.223480 0.226937 2.981973 1.000000 -0.229794 0.293036 3.026215 1.000000 -0.225332 0.645340 3.004258 1.000000 -0.199867 0.829084 2.988018 1.000000 -0.396779 0.555858 2.993645 1.000000 -0.586334 0.433588 2.988784 1.000000 -0.762393 0.410863 2.858229 1.000000 -0.805176 0.424805 2.815947 1.000000 -0.043744 0.543951 3.041176 1.000000 0.175774 0.435163 3.041500 1.000000 0.397949 0.462402 2.962431 1.000000 0.466579 0.489907 2.949858 1.000000 -0.300712 0.149276 2.963712 1.000000 -0.355528 -0.380825 3.065186 1.000000 -0.370487 -0.756554 3.127986 1.000000 -0.407558 -0.823604 3.103026 1.000000 -0.145197 0.145545 2.985107 1.000000 -0.141327 -0.392564 3.080987 1.000000 -0.159218 -0.775107 3.171126 1.000000 -0.149215 -0.827875 3.122051 1.000000
6838455591 -0.222498 0.225718 2.980981 1.000000 -0.228869 0.292166 3.024230 1.000000 -0.225178 0.645370 3.002613 1.000000 -0.199110 0.829605 2.987328 1.000000 -0.396214 0.551949 2.994087 1.000000 -0.579940 0.390773 3.000859 1.000000 -0.737850 0.335561 2.856114 1.000000 -0.818454 0.330609 2.794636 1.000000 -0.042772 0.542338 3.042170 1.000000 0.149780 0.392090 3.042536 1.000000 0.407227 0.375732 2.972198 1.000000 0.481515 0.385483 2.975913 1.000000 -0.299815 0.147779 2.962812 1.000000 -0.355044 -0.382018 3.064926 1.000000 -0.371019 -0.758640 3.128088 1.000000 -0.413519 -0.829449 3.099742 1.000000 -0.143737 0.143989 2.984512 1.000000 -0.139797 -0.394239 3.081886 1.000000 -0.159154 -0.775178 3.171257 1.000000 -0.145810 -0.829833 3.090349 1.000000
6838488556 -0.221936 0.224384 2.980226 1.000000 -0.227847 0.291050 3.022616 1.000000 -0.225454 0.644732 3.001357 1.000000 -0.198980 0.829484 2.987086 1.000000 -0.397413 0.540705 2.997476 1.000000 -0.574273 0.375597 3.006996 1.000000 -0.700293 0.269436 2.859208 1.000000 -0.769043 0.240845 2.804229 1.000000 -0.043122 0.539167 3.042147 1.000000 0.127743 0.376046 3.042535 1.000000 0.316544 0.280632 3.009287 1.000000 0.414576 0.265457 2.987801 1.000000 -0.299371 0.146039 2.962276 1.000000 -0.354712 -0.382197 3.064804 1.000000 -0.370892 -0.758452 3.128114 1.000000 -0.408045 -0.824660 3.099526 1.000000 -0.142782 0.142798 2.983948 1.000000 -0.138949 -0.393806 3.081782 1.000000 -0.158728 -0.773306 3.171293 1.000000 -0.154087 -0.829436 3.124976 1.000000
6838522232 -0.220825 0.222861 2.979759 1.000000 -0.226825 0.289868 3.021548 1.000000 -0.225240 0.644652 3.001342 1.000000 -0.199808 0.829697 2.986631 1.000000 -0.397648 0.538091 2.997406 1.000000 -0.540039 0.333740 3.001522 1.000000 -0.650391 0.202393 2.849153 1.000000 -0.703125 0.160034 2.812044 1.000000 -0.043114 0.536136 3.042134 1.000000 0.104980 0.329834 3.048397 1.000000 0.285872 0.224480 2.998351 1.000000 0.379414 0.186419 2.985795 1.000000 -0.298306 0.143993 2.961389 1.000000 -0.354151 -0.382911 3.064639 1.000000 -0.370965 -0.759784 3.128175 1.000000 -0.407611 -0.825689 3.100946 1.000000 -0.141324 0.141218 2.983850 1.000000 -0.138700 -0.393805 3.081577 1.000000 -0.159057 -0.773748 3.172662 1.000000 -0.153295 -0.829211 3.125542 1.000000
6838566346 -0.220004 0.221396 2.979957 1.000000 -0.225883 0.288612 3.021212 1.000000 -0.224545 0.644231 3.001847 1.000000 -0.201050 0.830386 2.989135 1.000000 -0.397352 0.537212 2.997646 1.000000 -0.525448 0.328372 2.998221 1.000000 -0.568004 0.160061 2.862137 1.000000 -0.596899 0.093182 2.790863 1.000000 -0.043354 0.533561 3.041678 1.000000 0.050598 0.317139 3.042540 1.000000 0.215942 0.167358 2.991733 1.000000 0.293457 0.112549 2.962436 1.000000 -0.297593 0.142493 2.961530 1.000000 -0.353189 -0.383211 3.064489 1.000000 -0.370196 -0.758955 3.128524 1.000000 -0.408670 -0.825687 3.106054 1.000000 -0.140616 0.140192 2.984095 1.000000 -0.137939 -0.393311 3.081522 1.000000 -0.159218 -0.773351 3.172549 1.000000 -0.152348 -0.826772 3.123379 1.000000
6838597422 -0.220075 0.220127 2.980405 1.000000 -0.225815 0.287725 3.020954 1.000000 -0.224655 0.644141 3.001810 1.000000 -0.200565 0.830687 2.989826 1.000000 -0.396517 0.536113 2.998643 1.000000 -0.485383 0.321959 2.992373 1.000000 -0.495681 0.160645 2.840979 1.000000 -0.493716 0.093526 2.764147 1.000000 -0.044122 0.532966 3.041740 1.000000 0.036471 0.298564 3.032822 1.000000 0.162476 0.099365 2.931188 1.000000 0.218872 0.042206 2.913610 1.000000 -0.297395 0.141616 2.962239 1.000000 -0.351695 -0.383960 3.063956 1.000000 -0.370296 -0.759281 3.128693 1.000000 -0.404320 -0.823144 3.101322 1.000000 -0.140846 0.139485 2.984543 1.000000 -0.137961 -0.393443 3.081140 1.000000 -0.159231 -0.773294 3.172357 1.000000 -0.152205 -0.826876 3.123264 1.000000
6838639216 -0.219720 0.218139 2.981229 1.000000 -0.225762 0.285727 3.021392 1.000000 -0.225187 0.642573 3.003308 1.000000 -0.201064 0.829878 2.993231 1.000000 -0.395769 0.535100 2.998410 1.000000 -0.477397 0.322098 2.985897 1.000000 -0.447510 0.186279 2.804236 1.000000 -0.426992 0.123015 2.726576 1.000000 -0.048418 0.532891 3.043018 1.000000 0.017638 0.298576 3.031596 1.000000 0.099976 0.113647 2.890173 1.000000 0.131958 0.039917 2.835486 1.000000 -0.296260 0.140401 2.963572 1.000000 -0.351307 -0.383850 3.063735 1.000000 -0.370082 -0.759180 3.128680 1.000000 -0.407110 -0.824301 3.107970 1.000000 -0.140935 0.139051 2.984737 1.000000 -0.137629 -0.393392 3.081144 1.000000 -0.159147 -0.773160 3.172580 1.000000 -0.151200 -0.825034 3.121928 1.000000
6838672269 -0.218915 0.216572 2.982344 1.000000 -0.225243 0.284610 3.021925 1.000000 -0.225360 0.642574 3.003954 1.000000 -0.200641 0.830157 2.994393 1.000000 -0.393066 0.533794 2.998106 1.000000 -0.469903 0.326022 2.977256 1.000000 -0.423612 0.206735 2.794384 1.000000 -0.391892 0.158722 2.709881 1.000000 -0.049926 0.532945 3.043197 1.000000 0.003133 0.301392 3.034388 1.000000 0.041492 0.154810 2.872250 1.000000 0.059418 0.084900 2.778846 1.000000 -0.294457 0.139643 2.964901 1.000000 -0.350322 -0.383233 3.063408 1.000000 -0.370469 -0.759190 3.129069 1.000000 -0.408819 -0.828274 3.097114 1.000000 -0.140768 0.138520 2.985741 1.000000 -0.136908 -0.393109 3.081146 1.000000 -0.159023 -0.772932 3.172315 1.000000 -0.151473 -0.825655 3.122558 1.000000
6838706440 -0.218518 0.215610 2.983090 1.000000 -0.225126 0.283607 3.022564 1.000000 -0.225197 0.642469 3.006298 1.000000 -0.201407 0.831890 3.002790 1.000000 -0.392550 0.533674 2.997790 1.000000 -0.467351 0.334561 2.957042 1.000000 -0.426289 0.232035 2.762433 1.000000 -0.384419 0.204570 2.673316 1.000000 -0.051572 0.532211 3.045217 1.000000 -0.006046 0.300620 3.026956 1.000000 0.021799 0.188482 2.835561 1.000000 0.011978 0.136595 2.748037 1.000000 -0.293614 0.139154 2.965716 1.000000 -0.349580 -0.383182 3.063434 1.000000 -0.371839 -0.761654 3.129398 1.000000 -0.412584 -0.832936 3.074778 1.000000 -0.140779 0.138128 2.986155 1.000000 -0.136912 -0.392897 3.081291 1.000000 -0.158845 -0.772651 3.172246 1.000000 -0.151526 -0.825328 3.122404 1.000000
6838739449 -0.218221 0.215144 2.983779 1.000000 -0.225025 0.283124 3.023327 1.000000 -0.224956 0.643369 3.008640 1.000000 -0.201464 0.832606 3.003366 1.000000 -0.392023 0.533726 2.997734 1.000000 -0.470985 0.338732 2.946960 1.000000 -0.423408 0.253751 2.745262 1.000000 -0.374493 0.237754 2.656804 1.000000 -0.052274 0.532030 3.046845 1.000000 -0.013576 0.318829 3.016502 1.000000 -0.024453 0.208548 2.738651 1.000000 -0.058952 0.177174 2.679092 1.000000 -0.292902 0.138979 2.966549 1.000000 -0.348805 -0.383673 3.063733 1.000000 -0.372395 -0.761820 3.129516 1.000000 -0.401584 -0.823699 3.090986 1.000000 -0.140801 0.137938 2.986599 1.000000 -0.136689 -0.393314 3.082069 1.000000 -0.158970 -0.772972 3.172845 1.000000 -0.151412 -0.825276 3.122743 1.000000
6838783609 -0.217586 0.214217 2.985571 1.000000 -0.224443 0.282183 3.025385 1.000000 -0.224755 0.643296 3.011532 1.000000 -0.200148 0.832225 3.004788 1.000000 -0.391947 0.533705 2.997725 1.000000 -0.489746 0.336670 2.894123 1.000000 -0.374517 0.316419 2.681146 1.000000 -0.336715 0.309775 2.615774 1.000000 -0.052290 0.532007 3.046891 1.000000 0.012352 0.330811 2.962482 1.000000 -0.042040 0.261394 2.735189 1.000000 -0.059884 0.238622 2.665120 1.000000 -0.291859 0.138214 2.968454 1.000000 -0.348495 -0.383809 3.063902 1.000000 -0.371829 -0.760423 3.128595 1.000000 -0.401467 -0.824703 3.094081 1.000000 -0.140471 0.137108 2.988154 1.000000 -0.135773 -0.396052 3.083885 1.000000 -0.158646 -0.773192 3.172727 1.000000 -0.149448 -0.828454 3.107159 1.000000
6838816114 -0.216975 0.214311 2.987803 1.000000 -0.223761 0.281919 3.028569 1.000000 -0.223254 0.643557 3.017450 1.000000 -0.200287 0.831172 3.004319 1.000000 -0.391704 0.533776 2.997838 1.000000 -0.490986 0.341552 2.894128 1.000000 -0.397080 0.320612 2.692041 1.000000 -0.343754 0.320779 2.604452 1.000000 -0.052090 0.531860 3.047156 1.000000 0.026314 0.320414 2.919013 1.000000 -0.059469 0.291740 2.692641 1.000000 -0.087604 0.282336 2.622892 1.000000 -0.291082 0.138423 2.971202 1.000000 -0.347792 -0.382816 3.063864 1.000000 -0.371962 -0.760442 3.128476 1.000000 -0.400774 -0.822974 3.093556 1.000000 -0.140225 0.137222 2.989280 1.000000 -0.135830 -0.394869 3.084771 1.000000 -0.158619 -0.773198 3.172750 1.000000 -0.148212 -0.827056 3.109524 1.000000
6838847404 -0.217034 0.214642 2.989357 1.000000 -0.223758 0.282205 3.030635 1.000000 -0.223535 0.644020 3.019174 1.000000 -0.198353 0.831779 3.006867 1.000000 -0.391206 0.534476 2.998019 1.000000 -0.492309 0.346779 2.888810 1.000000 -0.395922 0.321681 2.688569 1.000000 -0.344932 0.330071 2.600015 1.000000 -0.051458 0.531249 3.045955 1.000000 0.025841 0.320484 2.918641 1.000000 -0.062590 0.303816 2.692048 1.000000 -0.091585 0.298350 2.622246 1.000000 -0.291111 0.138729 2.972173 1.000000 -0.347590 -0.382836 3.064187 1.000000 -0.372510 -0.762835 3.129879 1.000000 -0.403219 -0.824407 3.092019 1.000000 -0.140316 0.137425 2.991347 1.000000 -0.135578 -0.394375 3.085299 1.000000 -0.158912 -0.772113 3.173507 1.000000 -0.149053 -0.826227 3.110445 1.000000
6838890086 -0.217061 0.215156 2.990273 1.000000 -0.223883 0.282655 3.032064 1.000000 -0.224552 0.644901 3.020641 1.000000 -0.195384 0.832054 3.010400 1.000000 -0.391228 0.535313 2.998783 1.000000 -0.495633 0.351457 2.887281 1.000000 -0.384948 0.351622 2.670787 1.000000 -0.348683 0.351676 2.604347 1.000000 -0.051349 0.531053 3.045966 1.000000 0.027787 0.325835 2.911510 1.000000 -0.065372 0.317799 2.686543 1.000000 -0.095894 0.315166 2.617327 1.000000 -0.291062 0.139360 2.973198 1.000000 -0.347424 -0.381887 3.063830 1.000000 -0.370743 -0.756205 3.127099 1.000000 -0.403104 -0.819999 3.091837 1.000000 -0.140229 0.137687 2.991960 1.000000 -0.135790 -0.394455 3.085636 1.000000 -0.159547 -0.772418 3.172981 1.000000 -0.144952 -0.828836 3.103361 1.000000
6838923170 -0.217151 0.214931 2.990860 1.000000 -0.224017 0.282378 3.033018 1.000000 -0.224891 0.644582 3.021094 1.000000 -0.194069 0.831669 3.010872 1.000000 -0.391536 0.535525 2.999009 1.000000 -0.500160 0.354570 2.887615 1.000000 -0.404770 0.334837 2.686386 1.000000 -0.350474 0.343473 2.599851 1.000000 -0.051195 0.530466 3.045762 1.000000 0.031342 0.327357 2.913283 1.000000 -0.065669 0.313516 2.681141 1.000000 -0.098240 0.326014 2.613872 1.000000 -0.291304 0.138951 2.974174 1.000000 -0.347392 -0.382056 3.063950 1.000000 -0.369901 -0.757192 3.128532 1.000000 -0.403604 -0.820261 3.090914 1.000000 -0.140162 0.137392 2.992319 1.000000 -0.135974 -0.395778 3.087089 1.000000 -0.159393 -0.772391 3.172895 1.000000 -0.145727 -0.830152 3.101635 1.000000
6838956454 -0.217204 0.214937 2.991473 1.000000 -0.224015 0.282327 3.033989 1.000000 -0.224734 0.644465 3.021716 1.000000 -0.193382 0.833171 3.017438 1.000000 -0.391785 0.535391 2.999418 1.000000 -0.499883 0.353334 2.882978 1.000000 -0.385648 0.351148 2.668893 1.000000 -0.348109 0.350429 2.603050 1.000000 -0.051112 0.530289 3.045655 1.000000 0.032438 0.328771 2.913735 1.000000 -0.067935 0.316703 2.675315 1.000000 -0.101446 0.329588 2.608562 1.000000 -0.291543 0.138925 2.974797 1.000000 -0.346970 -0.381245 3.064474 1.000000 -0.368783 -0.755826 3.128902 1.000000 -0.404630 -0.821182 3.094157 1.000000 -0.140119 0.137270 2.992841 1.000000 -0.136087 -0.395451 3.087092 1.000000 -0.159304 -0.771595 3.172967 1.000000 -0.149346 -0.827711 3.112951 1.000000
6839000269 -0.217351 0.214616 2.992036 1.000000 -0.224126 0.282158 3.034614 1.000000 -0.224780 0.644505 3.021683 1.000000 -0.194464 0.834456 3.021317 1.000000 -0.391796 0.535364 2.999490 1.000000 -0.501266 0.343336 2.880958 1.000000 -0.390389 0.323708 2.688585 1.000000 -0.339728 0.336301 2.600044 1.000000 -0.051127 0.530131 3.045379 1.000000 0.031655 0.330979 2.916294 1.000000 -0.061574 0.316349 2.695819 1.000000 -0.096992 0.328346 2.619120 1.000000 -0.291819 0.138564 2.975829 1.000000 -0.347006 -0.382339 3.065761 1.000000 -0.369318 -0.757304 3.131078 1.000000 -0.403860 -0.820483 3.094985 1.000000 -0.140211 0.136925 2.993373 1.000000 -0.136005 -0.396834 3.087782 1.000000 -0.159182 -0.773134 3.174235 1.000000 -0.149320 -0.831017 3.101465 1.000000
6839031500 -0.217766 0.214644 2.992549 1.000000 -0.224300 0.282106 3.035358 1.000000 -0.225322 0.644153 3.022040 1.000000 -0.197700 0.833924 3.018183 1.000000 -0.394551 0.534927 3.001457 1.000000 -0.501177 0.338686 2.881410 1.000000 -0.385112 0.330306 2.691519 1.000000 -0.334737 0.336644 2.602165 1.000000 -0.051399 0.530218 3.045287 1.000000 0.032231 0.330662 2.915685 1.000000 -0.064671 0.330029 2.693339 1.000000 -0.098782 0.329806 2.619895 1.000000 -0.292634 0.138373 2.977032 1.000000 -0.346940 -0.383667 3.067310 1.000000 -0.369824 -0.758296 3.131968 1.000000 -0.402573 -0.821455 3.094321 1.000000 -0.140325 0.136883 2.993455 1.000000 -0.135790 -0.397049 3.088083 1.000000 -0.158997 -0.773115 3.173765 1.000000 -0.148996 -0.831817 3.096333 1.000000
6839062748 -0.218048 0.214455 2.992772 1.000000 -0.224490 0.281943 3.035694 1.000000 -0.225582 0.644029 3.021944 1.000000 -0.201754 0.834245 3.016992 1.000000 -0.394336 0.535198 3.002157 1.000000 -0.500865 0.338037 2.882541 1.000000 -0.383532 0.318430 2.694412 1.000000 -0.337113 0.338824 2.604906 1.000000 -0.051530 0.530066 3.045047 1.000000 0.029899 0.325478 2.905152 1.000000 -0.065290 0.311163 2.703538 1.000000 -0.100614 0.330041 2.621904 1.000000 -0.292811 0.138305 2.977391 1.000000 -0.346785 -0.383656 3.067694 1.000000 -0.369941 -0.758220 3.131707 1.000000 -0.401272 -0.820295 3.091601 1.000000 -0.140736 0.136651 2.993605 1.000000 -0.136188 -0.397579 3.088450 1.000000 -0.158791 -0.773193 3.173365 1.000000 -0.148989 -0.831777 3.096307 1.000000
6839106239 -0.218457 0.214402 2.993184 1.000000 -0.224808 0.281955 3.036148 1.000000 -0.225752 0.644160 3.021998 1.000000 -0.201949 0.834522 3.016872 1.000000 -0.394199 0.535347 3.002391 1.000000 -0.497282 0.342783 2.887995 1.000000 -0.387831 0.310164 2.696763 1.000000 -0.337842 0.328176 2.608685 1.000000 -0.052010 0.529983 3.044746 1.000000 0.029156 0.325279 2.904736 1.000000 -0.072291 0.327447 2.684988 1.000000 -0.105875 0.328165 2.616782 1.000000 -0.293248 0.138399 2.978823 1.000000 -0.346761 -0.383632 3.067775 1.000000 -0.370130 -0.758227 3.131460 1.000000 -0.401163 -0.820335 3.091904 1.000000 -0.141345 0.136806 2.993602 1.000000 -0.136376 -0.396355 3.087914 1.000000 -0.158900 -0.772873 3.173548 1.000000 -0.149017 -0.826671 3.105850 1.000000
6839139536 -0.218759 0.214312 2.993304 1.000000 -0.224949 0.281884 3.036356 1.000000 -0.225790 0.644156 3.022029 1.000000 -0.203107 0.835026 3.017685 1.000000 -0.395001 0.534908 3.002780 1.000000 -0.496394 0.341097 2.889331 1.000000 -0.388532 0.304387 2.697974 1.000000 -0.336970 0.322132 2.610525 1.000000 -0.052414 0.529724 3.044214 1.000000 0.028720 0.325003 2.908090 1.000000 -0.075539 0.321858 2.690027 1.000000 -0.110155 0.320813 2.622182 1.000000 -0.293624 0.138267 2.979157 1.000000 -0.346734 -0.383812 3.068103 1.000000 -0.371685 -0.760070 3.131683 1.000000 -0.416356 -0.831355 3.080279 1.000000 -0.141768 0.136615 2.993450 1.000000 -0.136753 -0.396835 3.088609 1.000000 -0.158787 -0.773122 3.172278 1.000000 -0.147746 -0.830092 3.096963 1.000000
6839172224 -0.219341 0.214470 2.993585 1.000000 -0.225429 0.282068 3.036547 1.000000 -0.225977 0.644269 3.021768 1.000000 -0.204444 0.835473 3.017513 1.000000 -0.394651 0.535167 3.002639 1.000000 -0.496103 0.339031 2.890887 1.000000 -0.376033 0.327018 2.682334 1.000000 -0.336073 0.323020 2.617493 1.000000 -0.052594 0.529796 3.044087 1.000000 0.027675 0.324617 2.909060 1.000000 -0.079563 0.305968 2.693665 1.000000 -0.115253 0.299762 2.626546 1.000000 -0.293959 0.138794 2.979687 1.000000 -0.346479 -0.382927 3.068605 1.000000 -0.371090 -0.759448 3.131534 1.000000 -0.404814 -0.823401 3.089410 1.000000 -0.143135 0.136797 2.993735 1.000000 -0.136748 -0.397351 3.089538 1.000000 -0.158705 -0.773216 3.172348 1.000000 -0.146672 -0.829811 3.095549 1.000000
6839216439 -0.219451 0.214443 2.993486 1.000000 -0.225548 0.282154 3.036360 1.000000 -0.226846 0.644963 3.020970 1.000000 -0.205457 0.836673 3.018092 1.000000 -0.394531 0.535279 3.002695 1.000000 -0.493146 0.335479 2.903926 1.000000 -0.377704 0.312074 2.693576 1.000000 -0.339296 0.304288 2.628159 1.000000 -0.053196 0.530044 3.043624 1.000000 0.014278 0.321258 2.940391 1.000000 -0.077761 0.269900 2.723128 1.000000 -0.108383 0.252814 2.655412 1.000000 -0.293741 0.138850 2.979590 1.000000 -0.346879 -0.382972 3.069206 1.000000 -0.371110 -0.759431 3.131575 1.000000 -0.403483 -0.821267 3.089885 1.000000 -0.143680 0.136883 2.993490 1.000000 -0.136684 -0.396106 3.089175 1.000000 -0.158951 -0.772650 3.173047 1.000000 -0.148896 -0.824639 3.109282 1.000000
6839247599 -0.219994 0.214294 2.993358 1.000000 -0.226058 0.282066 3.036234 1.000000 -0.227223 0.645147 3.020973 1.000000 -0.206282 0.834934 3.009546 1.000000 -0.394673 0.535397 3.002623 1.000000 -0.478641 0.341985 2.950443 1.000000 -0.420509 0.268186 2.748072 1.000000 -0.363705 0.242274 2.665960 1.000000 -0.053712 0.530473 3.043484 1.000000 0.008957 0.325665 2.953543 1.000000 -0.065271 0.221986 2.772029 1.000000 -0.122742 0.196533 2.677347 1.000000 -0.293855 0.138800 2.979583 1.000000 -0.347174 -0.383271 3.069263 1.000000 -0.371709 -0.760186 3.132002 1.000000 -0.403658 -0.820673 3.094587 1.000000 -0.144765 0.136736 2.993021 1.000000 -0.136787 -0.396100 3.089087 1.000000 -0.158629 -0.772286 3.172908 1.000000 -0.149145 -0.824600 3.109631 1.000000
6839289363 -0.220357 0.214257 2.993030 1.000000 -0.226448 0.281964 3.035932 1.000000 -0.227263 0.644776 3.020789 1.000000 -0.207668 0.834348 3.007454 1.000000 -0.395689 0.535517 3.001771 1.000000 -0.478086 0.341824 2.949700 1.000000 -0.426903 0.232855 2.763219 1.000000 -0.374598 0.191083 2.684756 1.000000 -0.053833 0.530541 3.043537 1.000000 0.004215 0.324078 2.963234 1.000000 -0.079956 0.176147 2.769150 1.000000 -0.133743 0.125147 2.697434 1.000000 -0.294575 0.138664 2.978616 1.000000 -0.348393 -0.382666 3.069008 1.000000 -0.369755 -0.760099 3.132922 1.000000 -0.403292 -0.819757 3.093785 1.000000 -0.144967 0.136558 2.992879 1.000000 -0.137475 -0.396722 3.090067 1.000000 -0.155369 -0.771737 3.169481 1.000000 -0.143423 -0.830843 3.091495 1.000000
6839323371 -0.221304 0.213272 2.990396 1.000000 -0.227682 0.281024 3.033394 1.000000 -0.228392 0.644283 3.018604 1.000000 -0.207388 0.835077 3.009676 1.000000 -0.395557 0.535443 3.001747 1.000000 -0.477265 0.340100 2.948729 1.000000 -0.385986 0.176758 2.771105 1.000000 -0.343885 0.126908 2.731845 1.000000 -0.054742 0.531400 3.045310 1.000000 -0.000221 0.323399 2.982454 1.000000 -0.081987 0.148508 2.801642 1.000000 -0.120239 0.086670 2.753527 1.000000 -0.295523 0.138254 2.975199 1.000000 -0.349119 -0.383568 3.069413 1.000000 -0.370337 -0.759524 3.129871 1.000000 -0.403424 -0.822388 3.095690 1.000000 -0.145506 0.135655 2.990973 1.000000 -0.137785 -0.397381 3.090454 1.000000 -0.155570 -0.772330 3.169724 1.000000 -0.145363 -0.832637 3.092381 1.000000
6839356513 -0.222289 0.213186 2.986863 1.000000 -0.228786 0.280619 3.030940 1.000000 -0.228520 0.644264 3.018304 1.000000 -0.207034 0.834895 3.008200 1.000000 -0.395087 0.535778 3.001185 1.000000 -0.473082 0.332903 2.949596 1.000000 -0.394817 0.149432 2.809287 1.000000 -0.360650 0.087940 2.780080 1.000000 -0.055873 0.532462 3.046674 1.000000 -0.006807 0.322221 2.990268 1.000000 -0.076024 0.112883 2.835356 1.000000 -0.118140 0.029647 2.791562 1.000000 -0.297116 0.139397 2.969205 1.000000 -0.349214 -0.383539 3.069528 1.000000 -0.370436 -0.759345 3.129782 1.000000 -0.404273 -0.826368 3.105414 1.000000 -0.146169 0.135497 2.987841 1.000000 -0.138081 -0.397387 3.090499 1.000000 -0.155653 -0.772315 3.169716 1.000000 -0.145519 -0.832508 3.092238 1.000000
6839389445 -0.222892 0.212221 2.983102 1.000000 -0.229441 0.279394 3.028705 1.000000 -0.228590 0.644093 3.018205 1.000000 -0.206950 0.834932 3.008338 1.000000 -0.394937 0.535766 3.000853 1.000000 -0.469704 0.328254 2.953742 1.000000 -0.395020 0.109436 2.839459 1.000000 -0.369616 0.039842 2.822524 1.000000 -0.056281 0.532252 3.046618 1.000000 -0.012103 0.308585 2.992194 1.000000 -0.076874 0.080074 2.875592 1.000000 -0.097031 0.009790 2.854874 1.000000 -0.298281 0.138139 2.964164 1.000000 -0.349996 -0.384590 3.070207 1.000000 -0.373302 -0.764734 3.133802 1.000000 -0.416246 -0.835455 3.086095 1.000000 -0.146238 0.135070 2.983593 1.000000 -0.138426 -0.397729 3.090760 1.000000 -0.156280 -0.773176 3.170304 1.000000 -0.146031 -0.832934 3.092372 1.000000
6839433642 -0.223024 0.212178 2.981572 1.000000 -0.229710 0.279217 3.027725 1.000000 -0.228544 0.644015 3.017163 1.000000 -0.203477 0.834956 3.011411 1.000000 -0.395244 0.535870 3.000185 1.000000 -0.460508 0.306500 2.959907 1.000000 -0.404149 0.091974 2.871728 1.000000 -0.389187 0.017705 2.868315 1.000000 -0.057029 0.532248 3.046310 1.000000 -0.014111 0.295679 2.997182 1.000000 -0.043131 0.098266 2.917845 1.000000 -0.063245 0.028128 2.897170 1.000000 -0.298463 0.137861 2.962745 1.000000 -0.350547 -0.385770 3.070760 1.000000 -0.372928 -0.764638 3.133683 1.000000 -0.416560 -0.834767 3.085782 1.000000 -0.146251 0.135281 2.982189 1.000000 -0.138503 -0.397794 3.090772 1.000000 -0.156220 -0.773128 3.170520 1.000000 -0.146153 -0.831189 3.091144 1.000000
6839465060 -0.223163 0.212130 2.980850 1.000000 -0.230037 0.279372 3.027006 1.000000 -0.229664 0.644273 3.014081 1.000000 -0.201750 0.834878 3.007929 1.000000 -0.395159 0.535751 2.999984 1.000000 -0.459087 0.302998 2.962483 1.000000 -0.415973 0.088491 2.888816 1.000000 -0.399074 0.013180 2.881242 1.000000 -0.057155 0.531883 3.046114 1.000000 -0.015916 0.289516 3.005483 1.000000 -0.036497 0.083844 2.954523 1.000000 -0.056585 0.013799 2.933876 1.000000 -0.298516 0.137871 2.962106 1.000000 -0.350771 -0.385933 3.070819 1.000000 -0.372964 -0.764247 3.133366 1.000000 -0.416643 -0.834916 3.085415 1.000000 -0.146259 0.135177 2.981964 1.000000 -0.138498 -0.397841 3.090509 1.000000 -0.156306 -0.773586 3.170429 1.000000 -0.145102 -0.830328 3.090106 1.000000
6839496254 -0.223478 0.212268 2.980805 1.000000 -0.230483 0.279555 3.026912 1.000000 -0.230614 0.642412 3.011879 1.000000 -0.201845 0.833292 3.006730 1.000000 -0.395710 0.537062 2.999147 1.000000 -0.458052 0.295441 2.965695 1.000000 -0.424078 0.087175 2.904950 1.000000 -0.403344 0.006120 2.889319 1.000000 -0.057359 0.531731 3.045750 1.000000 -0.017748 0.286164 3.023109 1.000000 -0.033957 0.084163 2.954165 1.000000 -0.054023 0.014195 2.933540 1.000000 -0.298813 0.137974 2.961970 1.000000 -0.351046 -0.386146 3.070714 1.000000 -0.372973 -0.763973 3.132848 1.000000 -0.416725 -0.835335 3.116245 1.000000 -0.146585 0.135100 2.982396 1.000000 -0.138533 -0.398284 3.091034 1.000000 -0.156325 -0.773595 3.170409 1.000000 -0.145784 -0.830597 3.090098 1.000000
6839539513 -0.223787 0.212755 2.980734 1.000000 -0.231099 0.280069 3.026632 1.000000 -0.231484 0.642607 3.010729 1.000000 -0.200987 0.833087 3.007269 1.000000 -0.395718 0.537557 2.997231 1.000000 -0.459654 0.294154 2.971410 1.000000 -0.435958 0.089455 2.916901 1.000000 -0.409700 0.011691 2.896113 1.000000 -0.057305 0.531775 3.045679 1.000000 -0.019867 0.283783 3.029931 1.000000 -0.031622 0.079867 2.967148 1.000000 -0.051673 0.009952 2.946539 1.000000 -0.299015 0.138305 2.961829 1.000000 -0.351170 -0.385950 3.070457 1.000000 -0.372441 -0.761953 3.129426 1.000000 -0.412151 -0.832998 3.113063 1.000000 -0.146741 0.135338 2.982721 1.000000 -0.138064 -0.397328 3.090749 1.000000 -0.156617 -0.773572 3.171427 1.000000 -0.147350 -0.827169 3.110717 1.000000
6839572243 -0.224139 0.212950 2.980602 1.000000 -0.231432 0.280495 3.026024 1.000000 -0.231107 0.642374 3.008074 1.000000 -0.203645 0.831625 2.997084 1.000000 -0.396286 0.538601 2.996212 1.000000 -0.461838 0.292096 2.977511 1.000000 -0.437041 0.088876 2.916536 1.000000 -0.412650 -0.008072 2.894463 1.000000 -0.057593 0.531528 3.045014 1.000000 -0.020263 0.280423 3.031840 1.000000 -0.029188 0.077362 2.964892 1.000000 -0.038161 -0.019382 2.932627 1.000000 -0.299437 0.138576 2.961872 1.000000 -0.350919 -0.385755 3.070204 1.000000 -0.368801 -0.760048 3.128616 1.000000 -0.407898 -0.825873 3.106774 1.000000 -0.147161 0.135297 2.982858 1.000000 -0.138089 -0.397810 3.090586 1.000000 -0.156018 -0.774741 3.173047 1.000000 -0.146922 -0.829786 3.106487 1.000000
6839606262 -0.224390 0.213112 2.980740 1.000000 -0.231702 0.280930 3.025336 1.000000 -0.231620 0.640627 3.004465 1.000000 -0.203322 0.830752 2.996448 1.000000 -0.397348 0.539340 2.994937 1.000000 -0.465243 0.294894 2.980246 1.000000 -0.438614 0.092209 2.917749 1.000000 -0.420011 0.003802 2.894499 1.000000 -0.057567 0.531309 3.045094 1.000000 -0.017121 0.276785 3.035618 1.000000 -0.025087 0.065282 2.965267 1.000000 -0.033891 -0.030515 2.929942 1.000000 -0.299732 0.138655 2.962106 1.000000 -0.351330 -0.386906 3.071123 1.000000 -0.369022 -0.760014 3.129327 1.000000 -0.406751 -0.825228 3.108455 1.000000 -0.147534 0.135013 2.983988 1.000000 -0.138398 -0.397942 3.090628 1.000000 -0.156294 -0.774868 3.173084 1.000000 -0.147620 -0.830560 3.104577 1.000000
6839650471 -0.224310 0.213180 2.980904 1.000000 -0.231651 0.281013 3.024817 1.000000 -0.231339 0.640627 3.004516 1.000000 -0.203073 0.830221 2.993703 1.000000 -0.397142 0.539746 2.994237 1.000000 -0.468590 0.296097 2.981281 1.000000 -0.441975 0.093810 2.916873 1.000000 -0.432549 0.009519 2.893285 1.000000 -0.057734 0.531276 3.045040 1.000000 -0.012628 0.273238 3.039720 1.000000 -0.013992 0.059660 2.959750 1.000000 -0.022471 -0.037915 2.929251 1.000000 -0.299598 0.138712 2.962167 1.000000 -0.351204 -0.386103 3.071177 1.000000 -0.368447 -0.759324 3.129226 1.000000 -0.405564 -0.824432 3.106996 1.000000 -0.147479 0.135119 2.984921 1.000000 -0.138161 -0.396001 3.090329 1.000000 -0.155781 -0.773337 3.172012 1.000000 -0.146542 -0.828886 3.109019 1.000000
6839681719 -0.224287 0.213178 2.980915 1.000000 -0.231653 0.281040 3.024320 1.000000 -0.231154 0.640831 3.004733 1.000000 -0.201239 0.825784 2.979297 1.000000 -0.396870 0.540004 2.993696 1.000000 -0.476558 0.298717 2.981615 1.000000 -0.452692 0.086360 2.905329 1.000000 -0.434701 -0.004890 2.891635 1.000000 -0.057692 0.531210 3.045243 1.000000 -0.010665 0.271489 3.039494 1.000000 -0.001832 0.051897 2.951159 1.000000 -0.013937 -0.046877 2.925905 1.000000 -0.299509 0.138665 2.962090 1.000000 -0.351195 -0.386077 3.070927 1.000000 -0.368338 -0.760074 3.128585 1.000000 -0.407110 -0.829652 3.086890 1.000000 -0.147426 0.135086 2.985116 1.000000 -0.138182 -0.395100 3.089883 1.000000 -0.155816 -0.773245 3.172086 1.000000 -0.146259 -0.828103 3.111893 1.000000
6839723396 -0.224293 0.213181 2.980922 1.000000 -0.231627 0.281097 3.023824 1.000000 -0.231035 0.640589 3.004415 1.000000 -0.201198 0.825820 2.979136 1.000000 -0.396677 0.540322 2.993493 1.000000 -0.480844 0.300154 2.979276 1.000000 -0.459379 0.073250 2.895130 1.000000 -0.439212 -0.014056 2.886273 1.000000 -0.057662 0.531083 3.045292 1.000000 -0.008950 0.270517 3.039344 1.000000 0.004128 0.042020 2.948114 1.000000 -0.010017 -0.051862 2.924153 1.000000 -0.299500 0.138668 2.962134 1.000000 -0.351228 -0.386140 3.070953 1.000000 -0.368704 -0.760814 3.127171 1.000000 -0.408129 -0.830389 3.082258 1.000000 -0.147474 0.135069 2.985202 1.000000 -0.138292 -0.394912 3.090144 1.000000 -0.156527 -0.773271 3.171479 1.000000 -0.147210 -0.828114 3.123935 1.000000
6839756503 -0.224299 0.213126 2.980971 1.000000 -0.231589 0.281030 3.023447 1.000000 -0.230769 0.640310 3.004676 1.000000 -0.201105 0.826545 2.981601 1.000000 -0.396579 0.540380 2.993162 1.000000 -0.482716 0.301082 2.977686 1.000000 -0.463824 0.066613 2.890512 1.000000 -0.442470 -0.016071 2.885748 1.000000 -0.057548 0.530519 3.045178 1.000000 -0.006058 0.267536 3.038602 1.000000 0.010616 0.033765 2.946647 1.000000 0.002537 -0.054920 2.922796 1.000000 -0.299481 0.138603 2.962341 1.000000 -0.351568 -0.385743 3.070815 1.000000 -0.369070 -0.758428 3.127483 1.000000 -0.409991 -0.826545 3.109319 1.000000 -0.147517 0.134934 2.985201 1.000000 -0.138060 -0.395115 3.090221 1.000000 -0.157353 -0.772942 3.170925 1.000000 -0.146873 -0.832748 3.109102 1.000000
6839790508 -0.224305 0.213142 2.981021 1.000000 -0.231582 0.281084 3.023076 1.000000 -0.230710 0.640490 3.004583 1.000000 -0.200572 0.826998 2.981929 1.000000 -0.396340 0.540532 2.992822 1.000000 -0.483649 0.299902 2.975581 1.000000 -0.466029 0.060403 2.888223 1.000000 -0.446047 -0.021883 2.885965 1.000000 -0.057401 0.530447 3.045239 1.000000 -0.005090 0.266084 3.038629 1.000000 0.015541 0.027759 2.945969 1.000000 0.008983 -0.059422 2.923832 1.000000 -0.299450 0.138642 2.962448 1.000000 -0.351609 -0.385881 3.070749 1.000000 -0.369485 -0.758724 3.128125 1.000000 -0.409288 -0.826438 3.109046 1.000000 -0.147559 0.134870 2.985379 1.000000 -0.138125 -0.394559 3.090317 1.000000 -0.157748 -0.772490 3.171225 1.000000 -0.147757 -0.824869 3.121301 1.000000
6839823297 -0.224340 0.213119 2.981056 1.000000 -0.231419 0.281063 3.022770 1.000000 -0.230503 0.640153 3.004636 1.000000 -0.200637 0.826778 2.981593 1.000000 -0.396603 0.540783 2.992877 1.000000 -0.483804 0.298953 2.974754 1.000000 -0.468941 0.056914 2.884153 1.000000 -0.450664 -0.027818 2.882102 1.000000 -0.057000 0.530275 3.044212 1.000000 -0.004559 0.265272 3.038646 1.000000 0.018412 0.029327 2.946712 1.000000 0.011789 -0.063219 2.923714 1.000000 -0.299655 0.138504 2.962807 1.000000 -0.351640 -0.385768 3.070534 1.000000 -0.369200 -0.758043 3.129122 1.000000 -0.409262 -0.826028 3.111828 1.000000 -0.147587 0.134694 2.985309 1.000000 -0.137762 -0.395124 3.090410 1.000000 -0.157832 -0.772401 3.171604 1.000000 -0.141431 -0.825654 3.102226 1.000000
6839867216 -0.224372 0.213088 2.981092 1.000000 -0.231391 0.281062 3.022476 1.000000 -0.230503 0.640153 3.004645 1.000000 -0.199066 0.827273 2.983227 1.000000 -0.396355 0.540717 2.992584 1.000000 -0.481574 0.294912 2.970420 1.000000 -0.469952 0.054515 2.880809 1.000000 -0.452562 -0.029885 2.881236 1.000000 -0.056785 0.530184 3.043854 1.000000 -0.004497 0.264993 3.039043 1.000000 0.015156 0.037160 2.954235 1.000000 0.009458 -0.062586 2.930129 1.000000 -0.299658 0.138479 2.962779 1.000000 -0.351590 -0.385721 3.070360 1.000000 -0.369504 -0.758431 3.128860 1.000000 -0.409083 -0.826666 3.111735 1.000000 -0.147723 0.134464 2.985664 1.000000 -0.137491 -0.395785 3.090495 1.000000 -0.158105 -0.772312 3.171981 1.000000 -0.142874 -0.827644 3.101565 1.000000
6839898321 -0.224361 0.213049 2.981055 1.000000 -0.231339 0.281026 3.021953 1.000000 -0.230133 0.639594 3.003883 1.000000 -0.199171 0.827349 2.983565 1.000000 -0.395938 0.540596 2.992267 1.000000 -0.481433 0.295398 2.970212 1.000000 -0.468684 0.055964 2.876512 1.000000 -0.450172 -0.025613 2.864758 1.000000 -0.056540 0.529756 3.043890 1.000000 -0.004630 0.264869 3.039686 1.000000 0.011992 0.034446 2.951970 1.000000 0.001308 -0.066531 2.935791 1.000000 -0.299640 0.138436 2.962718 1.000000 -0.351265 -0.384084 3.069855 1.000000 -0.367646 -0.752853 3.126689 1.000000 -0.409173 -0.823180 3.111543 1.000000 -0.147712 0.134381 2.985712 1.000000 -0.137845 -0.394880 3.090008 1.000000 -0.158214 -0.772164 3.172080 1.000000 -0.146613 -0.826619 3.114673 1.000000
6839940202 -0.224313 0.213076 2.981038 1.000000 -0.231231 0.281060 3.021590 1.000000 -0.230022 0.639520 3.003846 1.000000 -0.199174 0.827689 2.984241 1.000000 -0.395832 0.540623 2.992089 1.000000 -0.480473 0.296920 2.969031 1.000000 -0.459163 0.069735 2.854888 1.000000 -0.441767 -0.011455 2.838796 1.000000 -0.056171 0.529524 3.043732 1.000000 -0.004619 0.265010 3.039896 1.000000 0.000922 0.047462 2.958333 1.000000 -0.007022 -0.025493 2.939006 1.000000 -0.299616 0.138441 2.962701 1.000000 -0.351051 -0.382595 3.069091 1.000000 -0.366938 -0.750826 3.126268 1.000000 -0.409174 -0.821976 3.111459 1.000000 -0.147598 0.134363 2.985716 1.000000 -0.137436 -0.394544 3.089693 1.000000 -0.158648 -0.771879 3.171811 1.000000 -0.146440 -0.826430 3.114844 1.000000
6839973249 -0.224153 0.213194 2.981019 1.000000 -0.231220 0.281094 3.021292 1.000000 -0.229959 0.639332 3.004111 1.000000 -0.199690 0.828389 2.986434 1.000000 -0.396219 0.539407 2.991669 1.000000 -0.481037 0.300110 2.968374 1.000000 -0.453649 0.101882 2.823478 1.000000 -0.440288 0.015894 2.804716 1.000000 -0.055107 0.529484 3.044845 1.000000 -0.004797 0.265468 3.040190 1.000000 -0.005819 0.067565 2.953132 1.000000 -0.017339 -0.023702 2.931541 1.000000 -0.299535 0.138371 2.962583 1.000000 -0.350688 -0.383010 3.068937 1.000000 -0.368252 -0.754664 3.128127 1.000000 -0.412806 -0.826292 3.116631 1.000000 -0.147099 0.134402 2.985730 1.000000 -0.137308 -0.393456 3.088552 1.000000 -0.158916 -0.771567 3.171969 1.000000 -0.147033 -0.825936 3.115762 1.000000
6840007512 -0.224145 0.213211 2.980889 1.000000 -0.231068 0.281090 3.020905 1.000000 -0.229845 0.639241 3.004059 1.000000 -0.200140 0.829254 2.988663 1.000000 -0.396137 0.538231 2.992665 1.000000 -0.481631 0.312654 2.963321 1.000000 -0.450657 0.140506 2.803781 1.000000 -0.428955 0.058197 2.767194 1.000000 -0.054770 0.529370 3.045165 1.000000 -0.006160 0.271456 3.041055 1.000000 -0.010797 0.086741 2.925287 1.000000 -0.028786 -0.005833 2.884082 1.000000 -0.299596 0.138331 2.962277 1.000000 -0.350218 -0.382942 3.068808 1.000000 -0.368582 -0.754948 3.127758 1.000000 -0.407074 -0.823524 3.110043 1.000000 -0.147058 0.134330 2.985651 1.000000 -0.137257 -0.393408 3.088492 1.000000 -0.159500 -0.771760 3.172730 1.000000 -0.146852 -0.825838 3.116005 1.000000
6840040223 -0.223990 0.213530 2.980921 1.000000 -0.230985 0.281360 3.020689 1.000000 -0.229829 0.639476 3.004132 1.000000 -0.200593 0.830372 2.993293 1.000000 -0.396079 0.538243 2.992689 1.000000 -0.484651 0.326149 2.956382 1.000000 -0.447510 0.178345 2.765240 1.000000 -0.427041 0.104896 2.695885 1.000000 -0.054394 0.530179 3.045910 1.000000 -0.003696 0.291854 3.037028 1.000000 -0.008545 0.123352 2.882427 1.000000 -0.031954 0.036314 2.832427 1.000000 -0.299432 0.138575 2.962238 1.000000 -0.350176 -0.382946 3.068830 1.000000 -0.372904 -0.762821 3.133557 1.000000 -0.414656 -0.833279 3.086552 1.000000 -0.146854 0.134544 2.985762 1.000000 -0.137129 -0.392756 3.088081 1.000000 -0.159556 -0.771834 3.172898 1.000000 -0.148917 -0.825223 3.119673 1.000000
6840084425 -0.224019 0.213594 2.981067 1.000000 -0.230980 0.281367 3.020684 1.000000 -0.230224 0.639496 3.004715 1.000000 -0.200664 0.829796 2.993531 1.000000 -0.395652 0.538462 2.993253 1.000000 -0.492391 0.352607 2.942712 1.000000 -0.464046 0.239563 2.753268 1.000000 -0.424072 0.187866 2.659770 1.000000 -0.054296 0.530481 3.046098 1.000000 0.005105 0.310158 3.029130 1.000000 -0.004440 0.169434 2.800395 1.000000 -0.031097 0.105286 2.735942 1.000000 -0.299408 0.138640 2.962299 1.000000 -0.349518 -0.383015 3.068917 1.000000 -0.372877 -0.761880 3.130162 1.000000 -0.412401 -0.833350 3.091323 1.000000 -0.146860 0.134582 2.985985 1.000000 -0.137011 -0.393595 3.087961 1.000000 -0.159478 -0.772114 3.172791 1.000000 -0.147816 -0.832795 3.100142 1.000000
6840116835 -0.223864 0.214902 2.982481 1.000000 -0.231008 0.282229 3.022158 1.000000 -0.231904 0.640076 3.008059 1.000000 -0.202298 0.830451 2.998882 1.000000 -0.396602 0.540689 2.994684 1.000000 -0.500844 0.364554 2.917952 1.000000 -0.482519 0.315311 2.700243 1.000000 -0.396729 0.276123 2.595317 1.000000 -0.053904 0.531329 3.047071 1.000000 0.012435 0.332685 2.997604 1.000000 0.009207 0.268075 2.783416 1.000000 -0.021469 0.212036 2.659770 1.000000 -0.299129 0.139377 2.963321 1.000000 -0.349162 -0.383147 3.068976 1.000000 -0.371659 -0.761621 3.129910 1.000000 -0.405681 -0.828609 3.092983 1.000000 -0.146355 0.135473 2.987015 1.000000 -0.136942 -0.393050 3.087878 1.000000 -0.159742 -0.770901 3.174018 1.000000 -0.142363 -0.824622 3.105253 1.000000
6840148191 -0.223441 0.214492 2.984448 1.000000 -0.230584 0.281848 3.024427 1.000000 -0.230946 0.641025 3.011526 1.000000 -0.202596 0.831196 3.000298 1.000000 -0.396160 0.540865 2.994751 1.000000 -0.515030 0.381046 2.874938 1.000000 -0.430413 0.343290 2.652357 1.000000 -0.402208 0.330705 2.582743 1.000000 -0.054017 0.531245 3.047020 1.000000 0.013560 0.335108 2.984505 1.000000 0.025378 0.279973 2.767988 1.000000 -0.024307 0.294189 2.616801 1.000000 -0.298482 0.139350 2.965570 1.000000 -0.349072 -0.383297 3.069159 1.000000 -0.372138 -0.763125 3.131223 1.000000 -0.411028 -0.832909 3.077199 1.000000 -0.146129 0.135280 2.988557 1.000000 -0.137028 -0.395215 3.089019 1.000000 -0.159192 -0.772158 3.173599 1.000000 -0.144517 -0.828110 3.102071 1.000000
6840190421 -0.223236 0.214740 2.985226 1.000000 -0.230461 0.282021 3.025638 1.000000 -0.231718 0.641999 3.013532 1.000000 -0.202663 0.831542 2.999861 1.000000 -0.393987 0.546797 2.997921 1.000000 -0.509766 0.391846 2.812171 1.000000 -0.401355 0.400584 2.597456 1.000000 -0.365218 0.403497 2.530461 1.000000 -0.056409 0.534556 3.048490 1.000000 0.058167 0.360840 2.886390 1.000000 -0.013971 0.371411 2.656075 1.000000 -0.038017 0.374935 2.583881 1.000000 -0.297576 0.140281 2.966978 1.000000 -0.348267 -0.382056 3.069574 1.000000 -0.372150 -0.763113 3.131256 1.000000 -0.404220 -0.830706 3.069380 1.000000 -0.146046 0.135974 2.989145 1.000000 -0.136739 -0.394949 3.088844 1.000000 -0.159089 -0.772174 3.173483 1.000000 -0.145622 -0.827446 3.105580 1.000000
6840224486 -0.220402 0.206762 2.986289 1.000000 -0.227996 0.276565 3.027518 1.000000 -0.230814 0.642859 3.016258 1.000000 -0.202634 0.833355 3.004920 1.000000 -0.380250 0.534133 3.002394 1.000000 -0.502856 0.409944 2.800323 1.000000 -0.394681 0.478688 2.597577 1.000000 -0.358600 0.501617 2.534534 1.000000 -0.091400 0.544354 3.044824 1.000000 0.055255 0.372697 2.850816 1.000000 -0.025223 0.446533 2.644141 1.000000 -0.043599 0.492711 2.586419 1.000000 -0.290219 0.137137 2.969280 1.000000 -0.347966 -0.382281 3.069751 1.000000 -0.372187 -0.762723 3.131365 1.000000 -0.400103 -0.820127 3.085805 1.000000 -0.146385 0.135829 2.989133 1.000000 -0.136668 -0.394657 3.088705 1.000000 -0.159157 -0.772316 3.173606 1.000000 -0.146358 -0.825179 3.113214 1.000000
6840257574 -0.220853 0.206973 2.986332 1.000000 -0.224300 0.276640 3.028422 1.000000 -0.230613 0.643566 3.016869 1.000000 -0.203085 0.834076 3.006809 1.000000 -0.378409 0.534620 3.002151 1.000000 -0.489846 0.457398 2.798502 1.000000 -0.379973 0.520800 2.616810 1.000000 -0.342041 0.553223 2.564057 1.000000 -0.079066 0.514571 3.012487 1.000000 0.049255 0.415039 2.808254 1.000000 -0.054474 0.544434 2.607026 1.000000 -0.053467 0.608885 2.566743 1.000000 -0.291230 0.138809 2.970570 1.000000 -0.347346 -0.378745 3.068620 1.000000 -0.372068 -0.761767 3.131239 1.000000 -0.407557 -0.822757 3.100260 1.000000 -0.147876 0.136993 2.988105 1.000000 -0.135983 -0.391029 3.088271 1.000000 -0.159032 -0.772244 3.173247 1.000000 -0.147040 -0.826008 3.114152 1.000000
6840301214 -0.225159 0.219464 2.985588 1.000000 -0.228134 0.286492 3.029702 1.000000 -0.229429 0.652506 3.022200 1.000000 -0.198836 0.841401 3.007911 1.000000 -0.376859 0.548380 2.999558 1.000000 -0.481835 0.478617 2.804161 1.000000 -0.347900 0.592773 2.603110 1.000000 -0.298380 0.641335 2.572439 1.000000 -0.078481 0.518764 3.014387 1.000000 0.047424 0.465088 2.800427 1.000000 -0.073975 0.615234 2.626547 1.000000 -0.098224 0.671599 2.581980 1.000000 -0.298937 0.157775 2.968295 1.000000 -0.347705 -0.377298 3.068072 1.000000 -0.372281 -0.761975 3.130993 1.000000 -0.400767 -0.824399 3.099875 1.000000 -0.151561 0.147704 2.986553 1.000000 -0.135808 -0.391238 3.088163 1.000000 -0.159136 -0.772904 3.173030 1.000000 -0.145531 -0.827903 3.103569 1.000000
6840333794 -0.225616 0.214939 2.983480 1.000000 -0.228039 0.282721 3.029249 1.000000 -0.229740 0.651560 3.022550 1.000000 -0.200719 0.840912 3.008765 1.000000 -0.379467 0.557560 2.998560 1.000000 -0.461182 0.540039 2.759409 1.000000 -0.304321 0.665283 2.608968 1.000000 -0.281611 0.721942 2.564015 1.000000 -0.083147 0.515741 3.007046 1.000000 0.053320 0.504612 2.798678 1.000000 -0.070611 0.647191 2.645047 1.000000 -0.102965 0.697212 2.598166 1.000000 -0.297981 0.150235 2.966814 1.000000 -0.347649 -0.375705 3.067239 1.000000 -0.374297 -0.765115 3.131392 1.000000 -0.412101 -0.834380 3.071962 1.000000 -0.152670 0.144744 2.983119 1.000000 -0.135812 -0.391041 3.088093 1.000000 -0.158988 -0.772821 3.173054 1.000000 -0.148012 -0.826400 3.111370 1.000000
6840366606 -0.225339 0.218335 2.983793 1.000000 -0.228004 0.285980 3.030294 1.000000 -0.230122 0.654956 3.022568 1.000000 -0.201873 0.844412 3.008579 1.000000 -0.383255 0.569678 2.999875 1.000000 -0.455637 0.554923 2.767573 1.000000 -0.300349 0.699708 2.612222 1.000000 -0.273155 0.767989 2.593794 1.000000 -0.081098 0.527866 3.008983 1.000000 0.050588 0.538059 2.796899 1.000000 -0.109924 0.716309 2.632400 1.000000 -0.166758 0.756838 2.602924 1.000000 -0.297924 0.152002 2.966364 1.000000 -0.347460 -0.375586 3.067111 1.000000 -0.374571 -0.765080 3.131317 1.000000 -0.406079 -0.830211 3.079008 1.000000 -0.151808 0.147581 2.984427 1.000000 -0.135808 -0.391048 3.088059 1.000000 -0.158938 -0.773107 3.172720 1.000000 -0.148287 -0.827507 3.113378 1.000000
6840407339 -0.225064 0.219266 2.983520 1.000000 -0.228028 0.288327 3.030571 1.000000 -0.238250 0.672034 3.020208 1.000000 -0.203425 0.860725 3.007280 1.000000 -0.383555 0.570050 2.999319 1.000000 -0.461293 0.567508 2.772671 1.000000 -0.312009 0.712438 2.618533 1.000000 -0.285540 0.782405 2.607510 1.000000 -0.077368 0.550212 3.010297 1.000000 0.059432 0.556238 2.805718 1.000000 -0.092470 0.735332 2.655063 1.000000 -0.124921 0.795594 2.622925 1.000000 -0.297701 0.152479 2.966023 1.000000 -0.347128 -0.375515 3.066452 1.000000 -0.372764 -0.763301 3.132021 1.000000 -0.402640 -0.826060 3.093532 1.000000 -0.150523 0.148662 2.984524 1.000000 -0.135771 -0.392990 3.087866 1.000000 -0.158730 -0.773443 3.172096 1.000000 -0.148092 -0.829503 3.111415 1.000000
6840469198 -0.223305 0.222038 2.982835 1.000000 -0.227656 0.288740 3.030924 1.000000 -0.230792 0.658250 3.024955 1.000000 -0.208128 0.848975 3.012505 1.000000 -0.382396 0.563568 2.998564 1.000000 -0.491006 0.597439 2.787838 1.000000 -0.371338 0.784668 2.638254 1.000000 -0.330503 0.847282 2.627365 1.000000 -0.069629 0.553890 3.016959 1.000000 0.096741 0.607422 2.831659 1.000000 -0.014656 0.793945 2.698801 1.000000 -0.056274 0.859375 2.673411 1.000000 -0.296369 0.153889 2.965864 1.000000 -0.346812 -0.376025 3.065822 1.000000 -0.371207 -0.762450 3.132097 1.000000 -0.400502 -0.822457 3.095906 1.000000 -0.148386 0.151301 2.981912 1.000000 -0.135655 -0.390709 3.086814 1.000000 -0.158642 -0.772057 3.171993 1.000000 -0.146160 -0.826604 3.114965 1.000000
6840501445 -0.223058 0.222019 2.982592 1.000000 -0.228273 0.288634 3.031194 1.000000 -0.230618 0.656967 3.023797 1.000000 -0.206716 0.848810 3.015694 1.000000 -0.381940 0.563278 2.998191 1.000000 -0.500573 0.600181 2.789985 1.000000 -0.416504 0.808594 2.649973 1.000000 -0.383057 0.876465 2.638254 1.000000 -0.065520 0.553081 3.022828 1.000000 0.099906 0.601653 2.852171 1.000000 0.032257 0.808594 2.720286 1.000000 -0.011108 0.885742 2.694895 1.000000 -0.295898 0.153637 2.965887 1.000000 -0.346620 -0.378070 3.064479 1.000000 -0.371419 -0.762740 3.132306 1.000000 -0.400253 -0.822964 3.096055 1.000000 -0.148028 0.151001 2.981156 1.000000 -0.135578 -0.392519 3.086494 1.000000 -0.158685 -0.773109 3.171922 1.000000 -0.144503 -0.832448 3.104251 1.000000
6840533962 -0.222276 0.221786 2.981918 1.000000 -0.227833 0.288273 3.031084 1.000000 -0.229811 0.656434 3.023346 1.000000 -0.206328 0.848733 3.016540 1.000000 -0.381460 0.561967 2.997696 1.000000 -0.514324 0.610116 2.796256 1.000000 -0.484306 0.791935 2.682130 1.000000 -0.448210 0.885046 2.660801 1.000000 -0.064079 0.552661 3.025049 1.000000 0.118796 0.613650 2.874751 1.000000 0.061216 0.860342 2.732805 1.000000 0.035136 0.925352 2.704693 1.000000 -0.294646 0.152855 2.965115 1.000000 -0.346454 -0.378399 3.063526 1.000000 -0.371244 -0.762291 3.131879 1.000000 -0.399660 -0.822357 3.095373 1.000000 -0.147401 0.150565 2.980312 1.000000 -0.135664 -0.393362 3.086320 1.000000 -0.158747 -0.773730 3.173151 1.000000 -0.146161 -0.833311 3.100564 1.000000
6840575367 -0.222130 0.222260 2.981136 1.000000 -0.228034 0.288637 3.030708 1.000000 -0.228430 0.655390 3.021409 1.000000 -0.205953 0.848730 3.018001 1.000000 -0.382478 0.561648 2.995404 1.000000 -0.554238 0.622938 2.789284 1.000000 -0.544392 0.813479 2.688244 1.000000 -0.526704 0.912627 2.671486 1.000000 -0.061079 0.553059 3.026450 1.000000 0.138719 0.608469 2.909900 1.000000 0.140747 0.820801 2.792554 1.000000 0.117290 0.911603 2.752197 1.000000 -0.294749 0.152804 2.964380 1.000000 -0.346450 -0.380542 3.063151 1.000000 -0.371176 -0.762020 3.131774 1.000000 -0.399839 -0.822988 3.096229 1.000000 -0.147233 0.150288 2.979647 1.000000 -0.135670 -0.393673 3.086229 1.000000 -0.158852 -0.773867 3.173048 1.000000 -0.146465 -0.833266 3.099492 1.000000
6840617874 -0.221864 0.223818 2.979913 1.000000 -0.228002 0.289974 3.029799 1.000000 -0.228190 0.655572 3.019198 1.000000 -0.204338 0.849703 3.019645 1.000000 -0.383178 0.561827 2.994871 1.000000 -0.575022 0.593892 2.816488 1.000000 -0.607910 0.821289 2.692946 1.000000 -0.614359 0.896197 2.686993 1.000000 -0.051919 0.550107 3.028230 1.000000 0.165424 0.611978 2.928828 1.000000 0.200317 0.855469 2.831618 1.000000 0.203613 0.941895 2.815993 1.000000 -0.295026 0.153107 2.963500 1.000000 -0.346216 -0.381192 3.062983 1.000000 -0.371685 -0.761966 3.133295 1.000000 -0.399439 -0.821983 3.095796 1.000000 -0.146505 0.150082 2.978749 1.000000 -0.136052 -0.394371 3.086096 1.000000 -0.158706 -0.773447 3.172901 1.000000 -0.146556 -0.832780 3.099264 1.000000
6840650493 -0.221091 0.226474 2.978780 1.000000 -0.227736 0.292052 3.028887 1.000000 -0.227385 0.655507 3.016981 1.000000 -0.201091 0.848715 3.014083 1.000000 -0.385041 0.561968 2.993741 1.000000 -0.583819 0.574888 2.841314 1.000000 -0.656250 0.752930 2.718337 1.000000 -0.670898 0.837891 2.702712 1.000000 -0.048760 0.552328 3.031412 1.000000 0.174841 0.592999 2.944848 1.000000 0.257324 0.834473 2.845290 1.000000 0.262655 0.907981 2.829579 1.000000 -0.294979 0.153777 2.962185 1.000000 -0.346213 -0.380858 3.062680 1.000000 -0.372835 -0.761451 3.134630 1.000000 -0.398560 -0.819937 3.098172 1.000000 -0.145590 0.150727 2.978466 1.000000 -0.135866 -0.393736 3.085015 1.000000 -0.158000 -0.772440 3.174625 1.000000 -0.149313 -0.825549 3.115758 1.000000
6840682106 -0.220337 0.227685 2.977737 1.000000 -0.227268 0.292992 3.027914 1.000000 -0.226520 0.652959 3.013431 1.000000 -0.201653 0.847444 3.014998 1.000000 -0.387213 0.560329 2.992710 1.000000 -0.576994 0.531884 2.881433 1.000000 -0.700684 0.707520 2.739823 1.000000 -0.742188 0.792480 2.712479 1.000000 -0.043579 0.551327 3.033050 1.000000 0.185669 0.542480 2.974246 1.000000 0.283324 0.712469 2.886312 1.000000 0.316080 0.808551 2.876906 1.000000 -0.294992 0.153595 2.960063 1.000000 -0.346034 -0.380807 3.062177 1.000000 -0.372861 -0.761424 3.133889 1.000000 -0.399037 -0.820538 3.100314 1.000000 -0.143776 0.150502 2.978102 1.000000 -0.135708 -0.393450 3.084642 1.000000 -0.158081 -0.772462 3.174661 1.000000 -0.149535 -0.825122 3.117402 1.000000
6840713622 -0.220032 0.227905 2.977226 1.000000 -0.227289 0.293161 3.027298 1.000000 -0.224862 0.651460 3.011953 1.000000 -0.198143 0.842340 2.998920 1.000000 -0.388643 0.559674 2.992829 1.000000 -0.591604 0.509697 2.891463 1.000000 -0.750977 0.663574 2.745683 1.000000 -0.792289 0.716009 2.710727 1.000000 -0.038701 0.544606 3.036971 1.000000 0.178732 0.526852 2.987006 1.000000 0.361572 0.727051 2.894121 1.000000 0.392499 0.795366 2.886735 1.000000 -0.295471 0.152859 2.958341 1.000000 -0.345919 -0.380700 3.062155 1.000000 -0.370636 -0.758472 3.132380 1.000000 -0.393799 -0.818807 3.098649 1.000000 -0.142605 0.149502 2.977781 1.000000 -0.135688 -0.393379 3.084583 1.000000 -0.157158 -0.771264 3.173220 1.000000 -0.150154 -0.825402 3.120897 1.000000
6840756491 -0.219889 0.227859 2.976808 1.000000 -0.227453 0.293228 3.026429 1.000000 -0.224802 0.650279 3.009398 1.000000 -0.199314 0.842921 3.001744 1.000000 -0.390298 0.557782 2.992513 1.000000 -0.604732 0.484003 2.906223 1.000000 -0.774414 0.589844 2.757403 1.000000 -0.823761 0.634516 2.722081 1.000000 -0.038304 0.541027 3.039722 1.000000 0.178345 0.483398 3.023077 1.000000 0.394775 0.634766 2.919512 1.000000 0.443229 0.692361 2.915855 1.000000 -0.295658 0.152132 2.957351 1.000000 -0.346024 -0.380533 3.060070 1.000000 -0.371044 -0.758860 3.131567 1.000000 -0.405679 -0.823320 3.090376 1.000000 -0.141934 0.148676 2.977692 1.000000 -0.135502 -0.393165 3.084478 1.000000 -0.156860 -0.770924 3.171357 1.000000 -0.150721 -0.824637 3.119897 1.000000
6840800526 -0.219536 0.227691 2.976628 1.000000 -0.227198 0.293061 3.026064 1.000000 -0.224519 0.650206 3.009204 1.000000 -0.198579 0.842877 3.001572 1.000000 -0.391331 0.556512 2.992672 1.000000 -0.591309 0.433105 2.935189 1.000000 -0.758591 0.451421 2.796921 1.000000 -0.811696 0.475318 2.749126 1.000000 -0.037645 0.540147 3.041391 1.000000 0.174035 0.447597 3.042527 1.000000 0.402100 0.499023 2.954670 1.000000 0.470570 0.526985 2.940331 1.000000 -0.295547 0.151282 2.956965 1.000000 -0.345522 -0.382872 3.059577 1.000000 -0.372535 -0.761119 3.131775 1.000000 -0.410419 -0.830698 3.081025 1.000000 -0.140757 0.147654 2.977647 1.000000 -0.135529 -0.393031 3.084244 1.000000 -0.157018 -0.770745 3.171519 1.000000 -0.150890 -0.824492 3.120393 1.000000
6840831875 -0.218742 0.227443 2.976408 1.000000 -0.226959 0.292834 3.025543 1.000000 -0.224070 0.649998 3.008721 1.000000 -0.198605 0.842945 3.001399 1.000000 -0.393678 0.545601 2.990207 1.000000 -0.575883 0.401800 2.960596 1.000000 -0.748047 0.361816 2.810139 1.000000 -0.822266 0.349854 2.753498 1.000000 -0.037467 0.538799 3.044776 1.000000 0.158298 0.404752 3.046346 1.000000 0.405273 0.389893 2.987873 1.000000 0.479271 0.390763 2.973944 1.000000 -0.294861 0.149969 2.955838 1.000000 -0.345375 -0.383506 3.059601 1.000000 -0.371391 -0.759263 3.131086 1.000000 -0.405749 -0.824786 3.087384 1.000000 -0.138966 0.146759 2.978510 1.000000 -0.135683 -0.392691 3.083666 1.000000 -0.157207 -0.770835 3.172235 1.000000 -0.150781 -0.824273 3.120811 1.000000
6840863378 -0.218247 0.226038 2.975770 1.000000 -0.226745 0.291419 3.024448 1.000000 -0.225577 0.647506 3.006719 1.000000 -0.198305 0.840905 3.001606 1.000000 -0.394714 0.543843 2.990864 1.000000 -0.572812 0.380297 2.965807 1.000000 -0.729980 0.283447 2.814045 1.000000 -0.790527 0.255859 2.765217 1.000000 -0.039760 0.534607 3.045804 1.000000 0.144117 0.384041 3.050650 1.000000 0.337475 0.312808 3.000361 1.000000 0.436590 0.293633 2.985862 1.000000 -0.294410 0.147887 2.954805 1.000000 -0.345450 -0.382809 3.059115 1.000000 -0.370953 -0.758941 3.130805 1.000000 -0.401122 -0.822491 3.099482 1.000000 -0.137962 0.145025 2.978524 1.000000 -0.135366 -0.392653 3.083205 1.000000 -0.157314 -0.770866 3.172200 1.000000 -0.149417 -0.824133 3.117762 1.000000
6840907491 -0.217623 0.225279 2.975809 1.000000 -0.226328 0.290843 3.024166 1.000000 -0.225555 0.647438 3.006644 1.000000 -0.197004 0.841021 3.002435 1.000000 -0.394867 0.542996 2.991520 1.000000 -0.553484 0.353045 2.971147 1.000000 -0.711426 0.189453 2.792561 1.000000 -0.772878 0.147043 2.782175 1.000000 -0.040560 0.533252 3.047036 1.000000 0.123801 0.358603 3.048890 1.000000 0.371157 0.225786 2.998567 1.000000 0.434354 0.190891 3.020278 1.000000 -0.293831 0.146798 2.954238 1.000000 -0.345512 -0.383136 3.059007 1.000000 -0.369062 -0.758374 3.129457 1.000000 -0.400916 -0.822104 3.099460 1.000000 -0.136831 0.143783 2.979752 1.000000 -0.135423 -0.392487 3.083077 1.000000 -0.157804 -0.769370 3.173683 1.000000 -0.148183 -0.823623 3.121238 1.000000
6840940531 -0.217247 0.223157 2.975692 1.000000 -0.226315 0.288893 3.023718 1.000000 -0.225987 0.646278 3.006403 1.000000 -0.198003 0.840409 3.003513 1.000000 -0.395192 0.538916 2.990935 1.000000 -0.519955 0.329059 2.973972 1.000000 -0.630371 0.171753 2.839438 1.000000 -0.677734 0.100159 2.800375 1.000000 -0.041581 0.529888 3.048395 1.000000 0.089256 0.340755 3.046799 1.000000 0.290283 0.178589 3.011313 1.000000 0.375008 0.121574 3.011313 1.000000 -0.293410 0.144467 2.953841 1.000000 -0.345173 -0.383988 3.059117 1.000000 -0.369072 -0.758933 3.128837 1.000000 -0.402538 -0.823924 3.089759 1.000000 -0.136461 0.141754 2.980139 1.000000 -0.135351 -0.392492 3.082996 1.000000 -0.157653 -0.770361 3.173656 1.000000 -0.153774 -0.827551 3.128899 1.000000
6840973509 -0.216791 0.222515 2.975718 1.000000 -0.225939 0.288476 3.023495 1.000000 -0.225967 0.646321 3.006357 1.000000 -0.195978 0.840357 3.003656 1.000000 -0.394472 0.538061 2.991010 1.000000 -0.499554 0.311871 2.969876 1.000000 -0.578613 0.127197 2.839438 1.000000 -0.604004 0.055481 2.808188 1.000000 -0.041664 0.529556 3.048369 1.000000 0.079795 0.317686 3.047983 1.000000 0.258789 0.121704 3.007407 1.000000 0.331449 0.050142 3.001555 1.000000 -0.292938 0.143994 2.953662 1.000000 -0.345144 -0.384201 3.059163 1.000000 -0.369446 -0.759050 3.128813 1.000000 -0.402841 -0.823091 3.097232 1.000000 -0.136056 0.141096 2.980605 1.000000 -0.135000 -0.391858 3.082512 1.000000 -0.158003 -0.771266 3.174588 1.000000 -0.152751 -0.826811 3.126647 1.000000
6841017558 -0.215920 0.220792 2.976077 1.000000 -0.225390 0.287153 3.023668 1.000000 -0.225493 0.646341 3.006916 1.000000 -0.195109 0.840922 3.006293 1.000000 -0.393078 0.536876 2.989374 1.000000 -0.464478 0.297252 2.965164 1.000000 -0.509277 0.098328 2.835533 1.000000 -0.519043 0.016968 2.808189 1.000000 -0.042821 0.529666 3.048627 1.000000 0.044662 0.289014 3.033204 1.000000 0.197998 0.067322 2.983971 1.000000 0.249634 0.006058 2.974205 1.000000 -0.291875 0.142748 2.954003 1.000000 -0.344929 -0.383947 3.059217 1.000000 -0.369369 -0.758888 3.128799 1.000000 -0.404738 -0.826329 3.100295 1.000000 -0.135857 0.140586 2.980839 1.000000 -0.135101 -0.391869 3.082454 1.000000 -0.157994 -0.771107 3.174524 1.000000 -0.152796 -0.826640 3.126774 1.000000
6841048980 -0.214949 0.217439 2.976514 1.000000 -0.225127 0.284274 3.023907 1.000000 -0.225473 0.645650 3.007457 1.000000 -0.194086 0.837954 2.997277 1.000000 -0.391393 0.535875 2.988141 1.000000 -0.451757 0.292615 2.960634 1.000000 -0.432861 0.104980 2.819911 1.000000 -0.427734 0.030167 2.800379 1.000000 -0.049336 0.531357 3.050620 1.000000 0.027041 0.282223 3.029351 1.000000 0.137817 0.051514 2.921473 1.000000 0.175589 -0.012273 2.907738 1.000000 -0.289687 0.140778 2.954498 1.000000 -0.344934 -0.384546 3.059286 1.000000 -0.369559 -0.758915 3.128649 1.000000 -0.398063 -0.820989 3.101490 1.000000 -0.136046 0.139573 2.981218 1.000000 -0.135442 -0.393427 3.082959 1.000000 -0.157990 -0.771645 3.174189 1.000000 -0.137275 -0.822828 3.092754 1.000000
6841080160 -0.214597 0.216437 2.976547 1.000000 -0.224918 0.282938 3.024191 1.000000 -0.225443 0.644170 3.009596 1.000000 -0.194150 0.836423 2.998605 1.000000 -0.390663 0.535635 2.987505 1.000000 -0.439113 0.294396 2.949166 1.000000 -0.403157 0.127382 2.814433 1.000000 -0.383545 0.056519 2.790615 1.000000 -0.050315 0.530911 3.050536 1.000000 0.012588 0.279167 3.028069 1.000000 0.081055 0.078491 2.880459 1.000000 0.110657 -0.001555 2.839443 1.000000 -0.288950 0.140062 2.954079 1.000000 -0.344831 -0.384842 3.059504 1.000000 -0.369531 -0.759733 3.129550 1.000000 -0.399748 -0.825193 3.098117 1.000000 -0.136022 0.139038 2.981394 1.000000 -0.135379 -0.393053 3.083169 1.000000 -0.158009 -0.771691 3.174042 1.000000 -0.149170 -0.825195 3.122700 1.000000
6841123386 -0.213911 0.216091 2.976452 1.000000 -0.224540 0.282583 3.024333 1.000000 -0.224392 0.644836 3.010530 1.000000 -0.192077 0.837478 3.001189 1.000000 -0.389251 0.535262 2.986389 1.000000 -0.435133 0.309442 2.944548 1.000000 -0.388358 0.143634 2.811924 1.000000 -0.353980 0.100100 2.760659 1.000000 -0.050549 0.530349 3.051280 1.000000 0.001307 0.287519 3.031700 1.000000 0.030427 0.124304 2.890188 1.000000 0.053558 0.047211 2.790616 1.000000 -0.287709 0.139826 2.953411 1.000000 -0.344644 -0.385085 3.059939 1.000000 -0.369960 -0.763225 3.130887 1.000000 -0.408499 -0.828229 3.067887 1.000000 -0.135774 0.138878 2.981522 1.000000 -0.135461 -0.392616 3.083617 1.000000 -0.157926 -0.770199 3.172771 1.000000 -0.149007 -0.823971 3.122048 1.000000
6841156316 -0.213344 0.215609 2.976476 1.000000 -0.224222 0.282009 3.024613 1.000000 -0.224195 0.644468 3.011029 1.000000 -0.190095 0.837147 3.002567 1.000000 -0.388278 0.535092 2.985652 1.000000 -0.435472 0.315536 2.941043 1.000000 -0.356201 0.174805 2.767180 1.000000 -0.318379 0.122311 2.728054 1.000000 -0.050599 0.529789 3.051585 1.000000 -0.003880 0.287623 3.031446 1.000000 0.015814 0.141329 2.869365 1.000000 0.011612 0.084412 2.753508 1.000000 -0.286813 0.139544 2.953203 1.000000 -0.344532 -0.385082 3.059936 1.000000 -0.370205 -0.763114 3.130862 1.000000 -0.400414 -0.818936 3.088531 1.000000 -0.135434 0.138464 2.981682 1.000000 -0.135669 -0.392610 3.084745 1.000000 -0.157936 -0.770159 3.172731 1.000000 -0.149387 -0.824205 3.121705 1.000000
6841190368 -0.213260 0.215639 2.976653 1.000000 -0.224206 0.281981 3.025097 1.000000 -0.223936 0.645044 3.011878 1.000000 -0.186823 0.837955 3.006127 1.000000 -0.387428 0.536418 2.985997 1.000000 -0.436359 0.326409 2.935230 1.000000 -0.356924 0.202886 2.744127 1.000000 -0.330446 0.161712 2.685002 1.000000 -0.050148 0.529674 3.052097 1.000000 -0.008055 0.306300 3.023563 1.000000 0.012117 0.185538 2.840229 1.000000 -0.014038 0.129150 2.733979 1.000000 -0.286567 0.139812 2.953556 1.000000 -0.344631 -0.385705 3.060768 1.000000 -0.369992 -0.762252 3.130550 1.000000 -0.402758 -0.821619 3.100931 1.000000 -0.135458 0.138388 2.981785 1.000000 -0.135470 -0.394596 3.086143 1.000000 -0.157904 -0.771198 3.172844 1.000000 -0.143674 -0.830065 3.095370 1.000000
6841223348 -0.212914 0.215430 2.977144 1.000000 -0.223969 0.281821 3.025853 1.000000 -0.223226 0.645741 3.012681 1.000000 -0.186719 0.838627 3.008201 1.000000 -0.386000 0.537604 2.985548 1.000000 -0.441082 0.336514 2.933368 1.000000 -0.367969 0.220159 2.762089 1.000000 -0.309793 0.198002 2.680992 1.000000 -0.050031 0.529794 3.052103 1.000000 -0.008083 0.310552 3.022266 1.000000 -0.021261 0.199400 2.748781 1.000000 -0.028491 0.148484 2.693415 1.000000 -0.285650 0.139860 2.954444 1.000000 -0.344483 -0.385518 3.060851 1.000000 -0.370449 -0.762358 3.130997 1.000000 -0.409065 -0.826737 3.075425 1.000000 -0.135530 0.138224 2.982128 1.000000 -0.135276 -0.396129 3.087560 1.000000 -0.158075 -0.771490 3.173087 1.000000 -0.143681 -0.829798 3.095132 1.000000
6841267513 -0.212481 0.215533 2.978410 1.000000 -0.223426 0.281817 3.027457 1.000000 -0.222311 0.645605 3.014219 1.000000 -0.186390 0.838185 3.009777 1.000000 -0.385567 0.537470 2.986363 1.000000 -0.448250 0.340539 2.928854 1.000000 -0.371149 0.249489 2.743628 1.000000 -0.310948 0.232404 2.662666 1.000000 -0.049829 0.529980 3.052479 1.000000 -0.005721 0.318593 3.017494 1.000000 -0.014485 0.238071 2.732969 1.000000 -0.052153 0.195172 2.683358 1.000000 -0.284736 0.140387 2.956381 1.000000 -0.344232 -0.383508 3.061454 1.000000 -0.369066 -0.758244 3.129051 1.000000 -0.415198 -0.826829 3.075441 1.000000 -0.135637 0.138188 2.982950 1.000000 -0.135264 -0.396324 3.087867 1.000000 -0.157980 -0.771699 3.172984 1.000000 -0.145512 -0.831901 3.096002 1.000000
6841298652 -0.212404 0.215573 2.978790 1.000000 -0.223254 0.281644 3.028341 1.000000 -0.221741 0.645225 3.015807 1.000000 -0.186863 0.837875 3.012586 1.000000 -0.385106 0.537165 2.987049 1.000000 -0.449414 0.341798 2.924332 1.000000 -0.381239 0.268231 2.727507 1.000000 -0.320051 0.249242 2.647543 1.000000 -0.049548 0.530119 3.052453 1.000000 -0.000825 0.326948 3.003776 1.000000 -0.022825 0.247189 2.719987 1.000000 -0.060026 0.192915 2.682490 1.000000 -0.284449 0.140695 2.958146 1.000000 -0.344002 -0.380743 3.061081 1.000000 -0.367257 -0.752759 3.128229 1.000000 -0.419453 -0.823195 3.097829 1.000000 -0.135734 0.138252 2.982828 1.000000 -0.135478 -0.395980 3.087618 1.000000 -0.157778 -0.771646 3.173174 1.000000 -0.151640 -0.826236 3.118712 1.000000
6841341541 -0.212562 0.215940 2.979579 1.000000 -0.223277 0.281973 3.029421 1.000000 -0.221482 0.645555 3.016420 1.000000 -0.184258 0.837108 3.009958 1.000000 -0.385031 0.537157 2.987879 1.000000 -0.451343 0.343936 2.918628 1.000000 -0.377670 0.268939 2.724702 1.000000 -0.316477 0.258257 2.643150 1.000000 -0.049415 0.530072 3.052552 1.000000 0.002533 0.329289 3.003051 1.000000 -0.025086 0.253602 2.718815 1.000000 -0.066659 0.209340 2.673494 1.000000 -0.284607 0.141380 2.959349 1.000000 -0.344089 -0.379392 3.060159 1.000000 -0.367973 -0.752203 3.128869 1.000000 -0.412310 -0.816514 3.098482 1.000000 -0.136162 0.138398 2.983224 1.000000 -0.135720 -0.395875 3.087597 1.000000 -0.158101 -0.773684 3.174080 1.000000 -0.152077 -0.825670 3.122581 1.000000
6841374598 -0.212778 0.215764 2.980230 1.000000 -0.223288 0.281763 3.030419 1.000000 -0.220820 0.645548 3.017400 1.000000 -0.184921 0.836786 3.010365 1.000000 -0.384765 0.537210 2.988559 1.000000 -0.456512 0.346759 2.916439 1.000000 -0.379200 0.268133 2.725785 1.000000 -0.318479 0.257949 2.643797 1.000000 -0.048935 0.529628 3.052267 1.000000 0.013406 0.330973 2.995219 1.000000 -0.025001 0.255268 2.712515 1.000000 -0.068213 0.220415 2.660928 1.000000 -0.285135 0.141309 2.961031 1.000000 -0.343988 -0.379990 3.060611 1.000000 -0.368208 -0.752653 3.128004 1.000000 -0.411343 -0.817003 3.098608 1.000000 -0.136564 0.138196 2.983271 1.000000 -0.135593 -0.396054 3.087716 1.000000 -0.158017 -0.773740 3.174060 1.000000 -0.151626 -0.828946 3.114476 1.000000
6841408437 -0.212925 0.215308 2.981071 1.000000 -0.223258 0.281106 3.031698 1.000000 -0.219680 0.644778 3.019472 1.000000 -0.185850 0.836128 3.010924 1.000000 -0.384541 0.536958 2.988651 1.000000 -0.459197 0.348110 2.915223 1.000000 -0.379017 0.268149 2.726632 1.000000 -0.319946 0.258880 2.643331 1.000000 -0.048822 0.529346 3.051857 1.000000 0.016540 0.331919 2.992550 1.000000 -0.023593 0.257196 2.710037 1.000000 -0.083504 0.216208 2.688247 1.000000 -0.285357 0.141013 2.961868 1.000000 -0.344083 -0.380336 3.060927 1.000000 -0.368234 -0.753393 3.127576 1.000000 -0.417804 -0.826019 3.094180 1.000000 -0.136973 0.137876 2.983619 1.000000 -0.135647 -0.396396 3.087683 1.000000 -0.158081 -0.774788 3.173694 1.000000 -0.150336 -0.831489 3.110262 1.000000
6841441548 -0.212856 0.215524 2.981225 1.000000 -0.223234 0.281339 3.032109 1.000000 -0.219538 0.645336 3.019625 1.000000 -0.190783 0.838443 3.016630 1.000000 -0.384439 0.536890 2.988605 1.000000 -0.458397 0.348080 2.914539 1.000000 -0.345052 0.295685 2.708470 1.000000 -0.308213 0.277147 2.644793 1.000000 -0.048366 0.529602 3.052095 1.000000 0.016809 0.332486 2.992701 1.000000 -0.023944 0.260140 2.709830 1.000000 -0.073285 0.203950 2.722632 1.000000 -0.285328 0.141101 2.961965 1.000000 -0.344124 -0.380261 3.061115 1.000000 -0.368050 -0.753750 3.127674 1.000000 -0.406719 -0.820963 3.087636 1.000000 -0.136970 0.138104 2.983674 1.000000 -0.135662 -0.395145 3.087299 1.000000 -0.158065 -0.774600 3.173818 1.000000 -0.150494 -0.829523 3.112311 1.000000
6841484790 -0.212902 0.215605 2.981365 1.000000 -0.223101 0.281440 3.032491 1.000000 -0.219714 0.645789 3.019558 1.000000 -0.190267 0.839048 3.019413 1.000000 -0.384591 0.537479 2.990256 1.000000 -0.457741 0.348683 2.915522 1.000000 -0.349956 0.286779 2.709421 1.000000 -0.314913 0.265065 2.645655 1.000000 -0.048348 0.529616 3.052103 1.000000 0.015987 0.333038 2.993512 1.000000 -0.019836 0.260464 2.710207 1.000000 -0.071727 0.212175 2.682983 1.000000 -0.285400 0.141234 2.962235 1.000000 -0.344105 -0.381228 3.061508 1.000000 -0.372607 -0.760317 3.132273 1.000000 -0.414541 -0.827362 3.090300 1.000000 -0.137021 0.138128 2.983713 1.000000 -0.135708 -0.395634 3.087500 1.000000 -0.158067 -0.773451 3.173137 1.000000 -0.149066 -0.828564 3.108593 1.000000
6841516105 -0.212886 0.215385 2.981403 1.000000 -0.222978 0.281240 3.032674 1.000000 -0.219826 0.644684 3.018391 1.000000 -0.190076 0.833184 2.999855 1.000000 -0.384625 0.537294 2.990524 1.000000 -0.456752 0.348000 2.916850 1.000000 -0.352256 0.283175 2.710059 1.000000 -0.318264 0.260450 2.646003 1.000000 -0.048256 0.529519 3.051408 1.000000 0.013605 0.332956 2.997028 1.000000 -0.018554 0.257077 2.714377 1.000000 -0.068387 0.222909 2.668285 1.000000 -0.285376 0.141023 2.962377 1.000000 -0.344332 -0.381645 3.061551 1.000000 -0.370369 -0.759459 3.130415 1.000000 -0.393312 -0.824004 3.087239 1.000000 -0.137060 0.137803 2.983699 1.000000 -0.135595 -0.396016 3.087299 1.000000 -0.157956 -0.773413 3.172875 1.000000 -0.145426 -0.830598 3.098989 1.000000
6841547267 -0.212919 0.215239 2.981450 1.000000 -0.223038 0.280982 3.032892 1.000000 -0.219933 0.643951 3.018461 1.000000 -0.189777 0.832955 3.001401 1.000000 -0.384638 0.536961 2.990268 1.000000 -0.457618 0.346839 2.922276 1.000000 -0.357673 0.278304 2.714115 1.000000 -0.325082 0.254539 2.649642 1.000000 -0.048296 0.529695 3.051164 1.000000 0.013148 0.333042 2.997612 1.000000 -0.032042 0.245036 2.720798 1.000000 -0.079731 0.213038 2.670942 1.000000 -0.285390 0.140669 2.962142 1.000000 -0.344593 -0.381694 3.061584 1.000000 -0.371157 -0.761222 3.132263 1.000000 -0.400766 -0.831580 3.075304 1.000000 -0.137195 0.137648 2.983900 1.000000 -0.135107 -0.394579 3.086583 1.000000 -0.158130 -0.773127 3.172267 1.000000 -0.148302 -0.828893 3.110746 1.000000
6841591464 -0.212923 0.215212 2.981433 1.000000 -0.223026 0.281017 3.032985 1.000000 -0.219967 0.644556 3.018049 1.000000 -0.190129 0.835547 3.007346 1.000000 -0.384665 0.536826 2.990519 1.000000 -0.457024 0.345851 2.926343 1.000000 -0.359410 0.277716 2.717106 1.000000 -0.327653 0.253822 2.652205 1.000000 -0.048313 0.529727 3.051202 1.000000 0.012376 0.332867 2.998655 1.000000 -0.021879 0.250754 2.718525 1.000000 -0.068141 0.200544 2.684905 1.000000 -0.285385 0.140669 2.962140 1.000000 -0.344604 -0.381346 3.061448 1.000000 -0.370331 -0.757118 3.130590 1.000000 -0.406654 -0.820377 3.108910 1.000000 -0.137259 0.137568 2.983849 1.000000 -0.135124 -0.395160 3.086893 1.000000 -0.158182 -0.773121 3.172250 1.000000 -0.148044 -0.829218 3.108916 1.000000
6841624254 -0.212953 0.215174 2.981426 1.000000 -0.222987 0.280942 3.033131 1.000000 -0.220163 0.644554 3.018275 1.000000 -0.195374 0.837925 3.015938 1.000000 -0.384984 0.536747 2.991096 1.000000 -0.457317 0.344910 2.932650 1.000000 -0.361899 0.275704 2.723295 1.000000 -0.331089 0.250831 2.658276 1.000000 -0.048347 0.529789 3.051171 1.000000 0.011409 0.332652 2.999909 1.000000 -0.020689 0.237194 2.724225 1.000000 -0.066076 0.211811 2.668628 1.000000 -0.285400 0.140610 2.962141 1.000000 -0.344624 -0.381199 3.061483 1.000000 -0.370668 -0.758034 3.131186 1.000000 -0.405177 -0.822478 3.089456 1.000000 -0.137368 0.137515 2.983649 1.000000 -0.135298 -0.396328 3.087270 1.000000 -0.158539 -0.774214 3.172456 1.000000 -0.144190 -0.832054 3.093992 1.000000
6841658200 -0.212943 0.215163 2.981461 1.000000 -0.222924 0.280992 3.033226 1.000000 -0.220892 0.645290 3.017791 1.000000 -0.194916 0.838598 3.017596 1.000000 -0.385100 0.536826 2.991513 1.000000 -0.456452 0.344821 2.932899 1.000000 -0.362167 0.269867 2.725327 1.000000 -0.331689 0.243156 2.660895 1.000000 -0.048238 0.530119 3.051097 1.000000 0.009586 0.331897 3.006185 1.000000 -0.018921 0.241577 2.753563 1.000000 -0.047242 0.202380 2.674235 1.000000 -0.285328 0.140554 2.962229 1.000000 -0.344736 -0.381148 3.061639 1.000000 -0.370661 -0.758226 3.131776 1.000000 -0.407731 -0.822820 3.099124 1.000000 -0.137349 0.137493 2.983693 1.000000 -0.135562 -0.396829 3.087497 1.000000 -0.158331 -0.773811 3.172381 1.000000 -0.145236 -0.832098 3.094058 1.000000
6841701337 -0.213096 0.215124 2.981503 1.000000 -0.223170 0.281011 3.033241 1.000000 -0.222231 0.645577 3.017326 1.000000 -0.194908 0.838248 3.016835 1.000000 -0.385152 0.536862 2.991433 1.000000 -0.455699 0.344500 2.934222 1.000000 -0.405766 0.240049 2.748742 1.000000 -0.353989 0.210949 2.664605 1.000000 -0.048246 0.530128 3.050938 1.000000 0.007473 0.331251 3.008578 1.000000 -0.020553 0.198219 2.749814 1.000000 -0.039417 0.170732 2.681380 1.000000 -0.285459 0.140568 2.962176 1.000000 -0.344871 -0.380571 3.061457 1.000000 -0.368467 -0.753209 3.128578 1.000000 -0.407631 -0.821249 3.100341 1.000000 -0.137473 0.137283 2.983928 1.000000 -0.135635 -0.396816 3.087496 1.000000 -0.158651 -0.773215 3.172778 1.000000 -0.143876 -0.831309 3.094505 1.000000
6841732595 -0.213327 0.215162 2.981367 1.000000 -0.223352 0.281303 3.032796 1.000000 -0.221627 0.645459 3.015206 1.000000 -0.194661 0.838248 3.016822 1.000000 -0.385444 0.537573 2.991213 1.000000 -0.454139 0.344437 2.935781 1.000000 -0.404511 0.232271 2.755337 1.000000 -0.350852 0.196728 2.674875 1.000000 -0.048220 0.530145 3.050925 1.000000 0.006141 0.329426 3.009423 1.000000 -0.025609 0.176512 2.763276 1.000000 -0.045241 0.130224 2.706075 1.000000 -0.285987 0.140577 2.961907 1.000000 -0.344908 -0.380920 3.061937 1.000000 -0.368543 -0.753307 3.128267 1.000000 -0.407939 -0.822132 3.102094 1.000000 -0.137738 0.137193 2.983985 1.000000 -0.136156 -0.397742 3.087763 1.000000 -0.158683 -0.773572 3.173315 1.000000 -0.143758 -0.830816 3.094395 1.000000
6841774456 -0.213473 0.215297 2.980951 1.000000 -0.223541 0.281520 3.032019 1.000000 -0.222752 0.645468 3.014148 1.000000 -0.194046 0.837936 3.014884 1.000000 -0.385524 0.537804 2.991398 1.000000 -0.449473 0.340152 2.938254 1.000000 -0.399307 0.218119 2.765219 1.000000 -0.366699 0.190063 2.741851 1.000000 -0.048255 0.530405 3.050874 1.000000 0.007152 0.322872 3.012442 1.000000 -0.007500 0.175781 2.831695 1.000000 -0.041386 0.120559 2.712715 1.000000 -0.286241 0.140661 2.960998 1.000000 -0.345008 -0.381162 3.062089 1.000000 -0.367906 -0.753616 3.128079 1.000000 -0.405745 -0.820775 3.100984 1.000000 -0.137712 0.137247 2.983916 1.000000 -0.135528 -0.393827 3.085893 1.000000 -0.158644 -0.772260 3.173683 1.000000 -0.143656 -0.822822 3.115250 1.000000
6841807291 -0.213513 0.215319 2.980386 1.000000 -0.223648 0.281525 3.031274 1.000000 -0.222972 0.645471 3.013903 1.000000 -0.195733 0.836971 3.008846 1.000000 -0.385579 0.537561 2.991565 1.000000 -0.449998 0.334495 2.941413 1.000000 -0.374023 0.174316 2.778960 1.000000 -0.338504 0.127773 2.729968 1.000000 -0.047940 0.530273 3.051488 1.000000 0.010314 0.316108 3.015169 1.000000 -0.010174 0.166076 2.836289 1.000000 -0.034063 0.093307 2.766992 1.000000 -0.286589 0.140517 2.959745 1.000000 -0.344939 -0.381854 3.062575 1.000000 -0.368885 -0.753163 3.126145 1.000000 -0.401608 -0.823753 3.100464 1.000000 -0.137481 0.137187 2.983595 1.000000 -0.135855 -0.394131 3.086030 1.000000 -0.158566 -0.772339 3.173678 1.000000 -0.140778 -0.824967 3.095073 1.000000
6841840298 -0.213773 0.214803 2.979348 1.000000 -0.223856 0.280764 3.030392 1.000000 -0.222799 0.643742 3.014115 1.000000 -0.196536 0.835054 3.007262 1.000000 -0.386252 0.536834 2.990103 1.000000 -0.449982 0.328673 2.942672 1.000000 -0.378133 0.162555 2.790296 1.000000 -0.342529 0.104422 2.755910 1.000000 -0.048147 0.529629 3.050308 1.000000 0.001639 0.303586 3.016362 1.000000 -0.015945 0.117676 2.855132 1.000000 -0.042291 0.041007 2.791114 1.000000 -0.287610 0.139663 2.957471 1.000000 -0.345006 -0.381956 3.062642 1.000000 -0.368889 -0.756559 3.130112 1.000000 -0.401550 -0.823556 3.100219 1.000000 -0.137392 0.136564 2.982676 1.000000 -0.135798 -0.394058 3.086088 1.000000 -0.158414 -0.772377 3.173793 1.000000 -0.139817 -0.824427 3.092305 1.000000
6841874518 -0.213924 0.214660 2.978720 1.000000 -0.224067 0.280600 3.029872 1.000000 -0.222808 0.643763 3.014081 1.000000 -0.196134 0.835289 3.007794 1.000000 -0.386483 0.535783 2.989398 1.000000 -0.445221 0.323249 2.943580 1.000000 -0.380615 0.116699 2.819973 1.000000 -0.353984 0.051950 2.789537 1.000000 -0.048155 0.529635 3.050370 1.000000 -0.000011 0.299084 3.016052 1.000000 -0.019884 0.103571 2.864317 1.000000 -0.044064 0.008301 2.832586 1.000000 -0.288146 0.139416 2.956672 1.000000 -0.344509 -0.383891 3.062882 1.000000 -0.370231 -0.758106 3.129812 1.000000 -0.403133 -0.827574 3.108153 1.000000 -0.137215 0.136451 2.982026 1.000000 -0.135896 -0.393714 3.085830 1.000000 -0.158291 -0.772257 3.173900 1.000000 -0.146175 -0.823706 3.109661 1.000000
6841918517 -0.213951 0.214459 2.978015 1.000000 -0.224185 0.280516 3.029030 1.000000 -0.222219 0.644042 3.012983 1.000000 -0.195091 0.836402 3.010002 1.000000 -0.386482 0.535698 2.989115 1.000000 -0.442023 0.310639 2.942337 1.000000 -0.387752 0.095338 2.841575 1.000000 -0.372623 0.020470 2.839444 1.000000 -0.048709 0.530580 3.051339 1.000000 -0.005451 0.286905 3.012618 1.000000 -0.021515 0.071350 2.907863 1.000000 -0.043047 -0.026842 2.883739 1.000000 -0.288286 0.139254 2.955755 1.000000 -0.344686 -0.384081 3.062808 1.000000 -0.370531 -0.758123 3.129528 1.000000 -0.405833 -0.829401 3.109442 1.000000 -0.137226 0.136359 2.981805 1.000000 -0.136077 -0.394096 3.086508 1.000000 -0.158501 -0.773043 3.174109 1.000000 -0.140107 -0.826050 3.092890 1.000000
6841950885 -0.213919 0.214515 2.977909 1.000000 -0.224195 0.280675 3.028807 1.000000 -0.222366 0.644658 3.012501 1.000000 -0.194772 0.835935 3.004825 1.000000 -0.386457 0.535597 2.989043 1.000000 -0.441304 0.303254 2.944164 1.000000 -0.401787 0.088085 2.875106 1.000000 -0.376934 -0.011422 2.866940 1.000000 -0.048757 0.530416 3.051538 1.000000 -0.009164 0.285293 3.012288 1.000000 -0.017933 0.079355 2.932647 1.000000 -0.038814 -0.021265 2.920619 1.000000 -0.288232 0.139260 2.955607 1.000000 -0.344652 -0.383891 3.062589 1.000000 -0.370145 -0.757908 3.129444 1.000000 -0.403638 -0.826611 3.106345 1.000000 -0.137149 0.136467 2.981815 1.000000 -0.135629 -0.392851 3.085981 1.000000 -0.158171 -0.772258 3.175383 1.000000 -0.141874 -0.823058 3.125552 1.000000
6841982153 -0.214112 0.214185 2.977622 1.000000 -0.224354 0.280363 3.028352 1.000000 -0.222615 0.644187 3.011803 1.000000 -0.193893 0.835829 3.005828 1.000000 -0.386558 0.535486 2.988966 1.000000 -0.441538 0.295900 2.946837 1.000000 -0.405984 0.083959 2.880360 1.000000 -0.397837 0.008069 2.884934 1.000000 -0.049830 0.530545 3.051030 1.000000 -0.010876 0.284149 3.012930 1.000000 -0.017750 0.079096 2.947203 1.000000 -0.025134 -0.024009 2.951283 1.000000 -0.288270 0.139121 2.955531 1.000000 -0.344777 -0.386376 3.062439 1.000000 -0.369889 -0.759888 3.130083 1.000000 -0.411428 -0.833966 3.083231 1.000000 -0.137378 0.136312 2.981632 1.000000 -0.135201 -0.394372 3.086585 1.000000 -0.158309 -0.773273 3.176012 1.000000 -0.146378 -0.826474 3.110766 1.000000
6842024108 -0.214106 0.214200 2.977640 1.000000 -0.224297 0.280490 3.028213 1.000000 -0.221971 0.644434 3.011179 1.000000 -0.193673 0.836289 3.005372 1.000000 -0.386926 0.535301 2.988636 1.000000 -0.442937 0.291557 2.951969 1.000000 -0.412967 0.084466 2.893075 1.000000 -0.399685 0.009457 2.886626 1.000000 -0.049601 0.530349 3.050785 1.000000 -0.012759 0.279318 3.018438 1.000000 -0.016248 0.076369 2.958343 1.000000 -0.024881 -0.024321 2.952037 1.000000 -0.288325 0.139079 2.955555 1.000000 -0.344776 -0.386364 3.062483 1.000000 -0.369345 -0.760414 3.130148 1.000000 -0.411416 -0.833906 3.083172 1.000000 -0.137310 0.136250 2.981893 1.000000 -0.135127 -0.394522 3.086776 1.000000 -0.158381 -0.772671 3.175731 1.000000 -0.143511 -0.826096 3.099707 1.000000
6842058288 -0.214139 0.214473 2.977725 1.000000 -0.224252 0.280903 3.027914 1.000000 -0.221346 0.644621 3.009810 1.000000 -0.195720 0.837089 3.004538 1.000000 -0.387435 0.536087 2.988506 1.000000 -0.444024 0.286470 2.958827 1.000000 -0.417313 0.083238 2.901098 1.000000 -0.400395 0.010082 2.886828 1.000000 -0.049351 0.530496 3.050893 1.000000 -0.012888 0.277812 3.024054 1.000000 -0.015381 0.075001 2.968830 1.000000 -0.024173 -0.023417 2.956909 1.000000 -0.288497 0.139221 2.955764 1.000000 -0.344575 -0.385875 3.062864 1.000000 -0.369081 -0.760176 3.130370 1.000000 -0.411223 -0.830629 3.106201 1.000000 -0.137297 0.136383 2.982150 1.000000 -0.135499 -0.395334 3.087119 1.000000 -0.158075 -0.772736 3.175548 1.000000 -0.143514 -0.826137 3.099964 1.000000
6842091249 -0.214340 0.214754 2.977901 1.000000 -0.224245 0.281613 3.027224 1.000000 -0.221829 0.644455 3.005685 1.000000 -0.195394 0.836750 2.999693 1.000000 -0.388109 0.536459 2.988649 1.000000 -0.445850 0.283283 2.964556 1.000000 -0.421578 0.082666 2.907040 1.000000 -0.406547 0.010039 2.888623 1.000000 -0.049351 0.530500 3.050882 1.000000 -0.011687 0.275210 3.030213 1.000000 -0.013966 0.070751 2.971538 1.000000 -0.023026 -0.027922 2.960945 1.000000 -0.288978 0.139467 2.956585 1.000000 -0.344459 -0.385301 3.062973 1.000000 -0.369274 -0.759949 3.130017 1.000000 -0.413427 -0.831949 3.110066 1.000000 -0.137425 0.136560 2.982661 1.000000 -0.135603 -0.395036 3.087301 1.000000 -0.158204 -0.772335 3.175734 1.000000 -0.145354 -0.824547 3.106153 1.000000
6842135287 -0.214662 0.214813 2.978332 1.000000 -0.224173 0.281857 3.026626 1.000000 -0.221718 0.644464 3.004891 1.000000 -0.195300 0.836981 2.999214 1.000000 -0.388359 0.536908 2.988975 1.000000 -0.450754 0.287270 2.970199 1.000000 -0.423925 0.082669 2.907238 1.000000 -0.410624 0.009791 2.888324 1.000000 -0.049125 0.530059 3.050601 1.000000 -0.008966 0.270563 3.034949 1.000000 -0.010001 0.066348 2.978575 1.000000 -0.019968 -0.036107 2.968356 1.000000 -0.289700 0.139561 2.957758 1.000000 -0.344513 -0.384752 3.062861 1.000000 -0.369295 -0.758572 3.129051 1.000000 -0.406349 -0.825192 3.103989 1.000000 -0.137844 0.136243 2.983608 1.000000 -0.135720 -0.395834 3.088218 1.000000 -0.158250 -0.772535 3.174973 1.000000 -0.140130 -0.824479 3.092711 1.000000
6842166542 -0.215186 0.215071 2.979431 1.000000 -0.224264 0.282145 3.026499 1.000000 -0.221604 0.644150 3.004922 1.000000 -0.195129 0.836430 2.997747 1.000000 -0.388609 0.537006 2.989193 1.000000 -0.452676 0.288230 2.972140 1.000000 -0.428328 0.084088 2.906230 1.000000 -0.418194 -0.004993 2.891296 1.000000 -0.048567 0.529434 3.050285 1.000000 -0.005899 0.268424 3.039682 1.000000 -0.006562 0.058450 2.980042 1.000000 -0.017144 -0.043433 2.964951 1.000000 -0.290828 0.139624 2.959850 1.000000 -0.344256 -0.385259 3.063202 1.000000 -0.369498 -0.758353 3.129177 1.000000 -0.405610 -0.824796 3.103627 1.000000 -0.138202 0.136178 2.984683 1.000000 -0.135674 -0.395768 3.088262 1.000000 -0.158698 -0.772528 3.175025 1.000000 -0.148093 -0.827670 3.128212 1.000000
6842208370 -0.215218 0.214983 2.979646 1.000000 -0.224160 0.282146 3.025899 1.000000 -0.221771 0.643505 3.004735 1.000000 -0.194551 0.835587 2.996626 1.000000 -0.388613 0.536714 2.989229 1.000000 -0.457676 0.292912 2.974470 1.000000 -0.435612 0.079905 2.905297 1.000000 -0.422629 -0.008828 2.887225 1.000000 -0.047732 0.528681 3.050273 1.000000 -0.004783 0.267137 3.039883 1.000000 -0.003672 0.051207 2.977715 1.000000 -0.014337 -0.050932 2.963935 1.000000 -0.290899 0.139357 2.960350 1.000000 -0.344088 -0.385283 3.063650 1.000000 -0.369824 -0.758214 3.128950 1.000000 -0.405318 -0.824667 3.103760 1.000000 -0.138108 0.135963 2.984952 1.000000 -0.135711 -0.395067 3.088149 1.000000 -0.159010 -0.770248 3.172642 1.000000 -0.148134 -0.826441 3.125824 1.000000
6842241575 -0.215276 0.214695 2.980104 1.000000 -0.224055 0.282123 3.025548 1.000000 -0.221843 0.644054 3.005013 1.000000 -0.193889 0.836086 2.996577 1.000000 -0.388325 0.536289 2.989755 1.000000 -0.461286 0.299240 2.975935 1.000000 -0.443114 0.077764 2.901485 1.000000 -0.425747 -0.017385 2.886866 1.000000 -0.047614 0.528522 3.050403 1.000000 -0.003847 0.266065 3.039357 1.000000 -0.002609 0.050520 2.977141 1.000000 -0.012022 -0.051732 2.962598 1.000000 -0.290878 0.139117 2.960674 1.000000 -0.344042 -0.386128 3.063942 1.000000 -0.369774 -0.758839 3.129141 1.000000 -0.419190 -0.832427 3.085272 1.000000 -0.138165 0.135529 2.985776 1.000000 -0.135746 -0.395277 3.088225 1.000000 -0.159009 -0.770231 3.172666 1.000000 -0.148615 -0.827688 3.120097 1.000000
6842274412 -0.215477 0.214631 2.980414 1.000000 -0.224024 0.282140 3.025167 1.000000 -0.222031 0.643920 3.005033 1.000000 -0.193460 0.835507 2.994710 1.000000 -0.388249 0.536114 2.989881 1.000000 -0.462047 0.299497 2.975983 1.000000 -0.446960 0.073308 2.895224 1.000000 -0.428851 -0.026903 2.884883 1.000000 -0.047302 0.528153 3.049557 1.000000 -0.001626 0.261944 3.038589 1.000000 0.004784 0.038994 2.970135 1.000000 -0.009750 -0.063212 2.959398 1.000000 -0.291009 0.139057 2.960892 1.000000 -0.344109 -0.386121 3.064032 1.000000 -0.369810 -0.758901 3.129207 1.000000 -0.416531 -0.834288 3.110563 1.000000 -0.138365 0.135346 2.986341 1.000000 -0.135886 -0.395206 3.088174 1.000000 -0.158965 -0.770240 3.172631 1.000000 -0.148919 -0.827240 3.121092 1.000000
6842308352 -0.215907 0.214488 2.981043 1.000000 -0.224284 0.282060 3.025222 1.000000 -0.222048 0.643815 3.005786 1.000000 -0.192248 0.835272 2.995171 1.000000 -0.388155 0.535895 2.990215 1.000000 -0.462019 0.299401 2.975999 1.000000 -0.449919 0.060541 2.888282 1.000000 -0.434042 -0.032036 2.883960 1.000000 -0.047136 0.527918 3.049779 1.000000 -0.000963 0.260496 3.038278 1.000000 0.006236 0.034965 2.968426 1.000000 -0.003149 -0.067730 2.955870 1.000000 -0.291466 0.138982 2.961487 1.000000 -0.344075 -0.386004 3.064134 1.000000 -0.367986 -0.757512 3.129509 1.000000 -0.410891 -0.828192 3.104618 1.000000 -0.138812 0.135082 2.986910 1.000000 -0.135893 -0.395130 3.088373 1.000000 -0.158820 -0.770099 3.172693 1.000000 -0.149519 -0.827082 3.124749 1.000000
6842351476 -0.216069 0.214250 2.981610 1.000000 -0.224076 0.281872 3.025236 1.000000 -0.221174 0.643167 3.006316 1.000000 -0.192251 0.834767 2.995211 1.000000 -0.388296 0.536029 2.991922 1.000000 -0.463239 0.300079 2.974476 1.000000 -0.451836 0.056923 2.879849 1.000000 -0.436656 -0.035871 2.881591 1.000000 -0.046846 0.527222 3.050084 1.000000 -0.000683 0.260429 3.037970 1.000000 0.007667 0.020766 2.961851 1.000000 -0.002953 -0.082159 2.951535 1.000000 -0.291884 0.138771 2.962576 1.000000 -0.344342 -0.385934 3.064477 1.000000 -0.368076 -0.757472 3.127254 1.000000 -0.411982 -0.830614 3.106832 1.000000 -0.139031 0.134673 2.987257 1.000000 -0.136748 -0.397720 3.089543 1.000000 -0.158236 -0.771417 3.172513 1.000000 -0.142422 -0.835306 3.100581 1.000000
6842383030 -0.216342 0.214087 2.982097 1.000000 -0.224178 0.281625 3.025389 1.000000 -0.220807 0.642410 3.007458 1.000000 -0.192226 0.833907 2.995282 1.000000 -0.388009 0.536276 2.993104 1.000000 -0.464394 0.301732 2.973167 1.000000 -0.450390 0.058935 2.870867 1.000000 -0.438262 -0.037489 2.872824 1.000000 -0.046366 0.527103 3.050916 1.000000 -0.000126 0.259214 3.037071 1.000000 0.008388 0.023749 2.959941 1.000000 -0.001295 -0.078955 2.945970 1.000000 -0.292273 0.138671 2.963271 1.000000 -0.344525 -0.386939 3.065337 1.000000 -0.369160 -0.759951 3.129758 1.000000 -0.419559 -0.835570 3.090515 1.000000 -0.139303 0.134457 2.987443 1.000000 -0.136876 -0.398272 3.089978 1.000000 -0.158232 -0.771446 3.172490 1.000000 -0.141334 -0.834482 3.098063 1.000000
6842424236 -0.216481 0.214170 2.982519 1.000000 -0.224346 0.281703 3.025390 1.000000 -0.220562 0.642238 3.007813 1.000000 -0.191410 0.833733 2.995465 1.000000 -0.387982 0.536264 2.993486 1.000000 -0.465280 0.303028 2.971822 1.000000 -0.447049 0.086389 2.838258 1.000000 -0.428711 -0.004715 2.825838 1.000000 -0.045939 0.526873 3.052620 1.000000 0.000265 0.258969 3.036598 1.000000 0.009602 0.039744 2.953436 1.000000 0.006449 -0.061414 2.928580 1.000000 -0.292444 0.138722 2.963588 1.000000 -0.344548 -0.387403 3.065856 1.000000 -0.369144 -0.759992 3.129786 1.000000 -0.417928 -0.835181 3.101231 1.000000 -0.139486 0.134465 2.987893 1.000000 -0.137200 -0.397271 3.089578 1.000000 -0.158542 -0.770274 3.172037 1.000000 -0.145414 -0.825537 3.118860 1.000000
6842457380 -0.216610 0.213963 2.983228 1.000000 -0.224336 0.281554 3.025756 1.000000 -0.220400 0.642113 3.008404 1.000000 -0.192710 0.834983 2.999911 1.000000 -0.387883 0.536014 2.993872 1.000000 -0.467402 0.310270 2.970524 1.000000 -0.441875 0.106102 2.840309 1.000000 -0.425334 0.029350 2.800624 1.000000 -0.045934 0.526837 3.052674 1.000000 -0.000060 0.259612 3.035296 1.000000 0.006358 0.063680 2.938186 1.000000 0.004100 -0.032361 2.897446 1.000000 -0.292572 0.138600 2.964139 1.000000 -0.344728 -0.387781 3.066279 1.000000 -0.369558 -0.761114 3.130589 1.000000 -0.421932 -0.837637 3.096187 1.000000 -0.139669 0.134187 2.988692 1.000000 -0.136912 -0.397966 3.089783 1.000000 -0.158815 -0.771556 3.172631 1.000000 -0.142026 -0.833416 3.102104 1.000000
6842491264 -0.216818 0.214262 2.983770 1.000000 -0.224039 0.281740 3.026129 1.000000 -0.220202 0.641833 3.009343 1.000000 -0.192618 0.835146 3.002120 1.000000 -0.387831 0.537138 2.997601 1.000000 -0.470297 0.323785 2.969460 1.000000 -0.444064 0.166339 2.823235 1.000000 -0.425542 0.087332 2.757376 1.000000 -0.045624 0.526438 3.052820 1.000000 0.002660 0.264347 3.033157 1.000000 0.003326 0.075920 2.918948 1.000000 0.000054 -0.007204 2.855684 1.000000 -0.292836 0.138966 2.964533 1.000000 -0.344711 -0.387578 3.066380 1.000000 -0.369517 -0.761141 3.127854 1.000000 -0.419354 -0.837414 3.100179 1.000000 -0.139862 0.134221 2.989119 1.000000 -0.137234 -0.398311 3.090473 1.000000 -0.159185 -0.771491 3.173197 1.000000 -0.142327 -0.833225 3.099849 1.000000
6842524197 -0.217125 0.214371 2.984619 1.000000 -0.224286 0.281679 3.027113 1.000000 -0.221896 0.641778 3.011638 1.000000 -0.193633 0.835079 3.004338 1.000000 -0.387852 0.536748 2.999495 1.000000 -0.474783 0.333273 2.965293 1.000000 -0.443208 0.191584 2.803460 1.000000 -0.416016 0.117859 2.708651 1.000000 -0.045641 0.526468 3.052863 1.000000 0.017552 0.301695 3.025914 1.000000 0.008354 0.115417 2.866854 1.000000 -0.001030 0.033886 2.802164 1.000000 -0.292965 0.139187 2.965573 1.000000 -0.344812 -0.386666 3.066305 1.000000 -0.369895 -0.761106 3.127752 1.000000 -0.415300 -0.833241 3.102668 1.000000 -0.140004 0.134299 2.989460 1.000000 -0.137444 -0.398537 3.090980 1.000000 -0.159241 -0.772542 3.172655 1.000000 -0.143248 -0.832579 3.102579 1.000000
6842568344 -0.217478 0.214786 2.986575 1.000000 -0.224701 0.281862 3.029350 1.000000 -0.221482 0.641601 3.015136 1.000000 -0.192959 0.834201 3.004835 1.000000 -0.387805 0.536790 3.000166 1.000000 -0.472288 0.347980 2.960133 1.000000 -0.459813 0.228660 2.777367 1.000000 -0.430335 0.178864 2.690366 1.000000 -0.044808 0.526351 3.054671 1.000000 0.021749 0.310123 3.020029 1.000000 0.013908 0.169678 2.829744 1.000000 -0.008736 0.099487 2.728181 1.000000 -0.293502 0.139686 2.967299 1.000000 -0.344836 -0.385915 3.067100 1.000000 -0.370875 -0.761416 3.128178 1.000000 -0.406680 -0.829299 3.095308 1.000000 -0.140256 0.134319 2.990888 1.000000 -0.137442 -0.398541 3.090981 1.000000 -0.159091 -0.772805 3.172728 1.000000 -0.143889 -0.833611 3.100635 1.000000
6842599458 -0.218184 0.215310 2.988557 1.000000 -0.225475 0.282144 3.031710 1.000000 -0.223190 0.641472 3.018225 1.000000 -0.191799 0.832497 3.003484 1.000000 -0.388028 0.537637 3.001972 1.000000 -0.476713 0.351985 2.951183 1.000000 -0.431132 0.284348 2.725300 1.000000 -0.416702 0.259618 2.653583 1.000000 -0.044891 0.527060 3.055436 1.000000 0.017705 0.330303 3.012127 1.000000 -0.007647 0.229818 2.777009 1.000000 -0.018646 0.172852 2.667634 1.000000 -0.294212 0.140426 2.970296 1.000000 -0.344762 -0.385232 3.067423 1.000000 -0.371580 -0.762168 3.127964 1.000000 -0.404412 -0.829248 3.092808 1.000000 -0.140619 0.134725 2.991712 1.000000 -0.137399 -0.396871 3.091022 1.000000 -0.158666 -0.772869 3.173012 1.000000 -0.145565 -0.830968 3.103735 1.000000
6842641355 -0.218599 0.215099 2.989898 1.000000 -0.225950 0.281659 3.033697 1.000000 -0.224271 0.641120 3.021503 1.000000 -0.193380 0.832636 3.007818 1.000000 -0.388599 0.536725 3.003308 1.000000 -0.492232 0.367492 2.917404 1.000000 -0.496209 0.270077 2.721045 1.000000 -0.390381 0.303223 2.591462 1.000000 -0.046244 0.527716 3.055893 1.000000 0.029331 0.346770 2.962587 1.000000 0.005814 0.273438 2.734040 1.000000 -0.036469 0.257324 2.624665 1.000000 -0.294368 0.140384 2.972614 1.000000 -0.344808 -0.382826 3.067501 1.000000 -0.371580 -0.762300 3.128139 1.000000 -0.403140 -0.826422 3.096735 1.000000 -0.140941 0.134835 2.992016 1.000000 -0.136740 -0.395509 3.091402 1.000000 -0.158738 -0.772699 3.173193 1.000000 -0.147515 -0.826941 3.113460 1.000000
6842674262 -0.218447 0.214712 2.992789 1.000000 -0.225617 0.281228 3.037379 1.000000 -0.223621 0.642023 3.026142 1.000000 -0.193838 0.834448 3.014747 1.000000 -0.386960 0.537292 3.005676 1.000000 -0.496710 0.368572 2.892360 1.000000 -0.417528 0.361123 2.663711 1.000000 -0.390849 0.358613 2.591308 1.000000 -0.046901 0.528631 3.056214 1.000000 0.064575 0.326904 2.909907 1.000000 -0.007645 0.324639 2.678703 1.000000 -0.031978 0.323876 2.605440 1.000000 -0.293857 0.140560 2.975507 1.000000 -0.345243 -0.378290 3.069428 1.000000 -0.371034 -0.757270 3.128929 1.000000 -0.405222 -0.823130 3.098046 1.000000 -0.141213 0.135231 2.994221 1.000000 -0.136682 -0.394899 3.091599 1.000000 -0.158403 -0.772251 3.173022 1.000000 -0.147671 -0.825420 3.115601 1.000000
6842707722 -0.218441 0.213687 2.995182 1.000000 -0.226522 0.280439 3.039853 1.000000 -0.223790 0.641868 3.027578 1.000000 -0.192366 0.834658 3.019916 1.000000 -0.382690 0.538631 3.008030 1.000000 -0.485586 0.377926 2.856061 1.000000 -0.394592 0.422530 2.636808 1.000000 -0.363960 0.437545 2.567631 1.000000 -0.055470 0.543534 3.064566 1.000000 0.053619 0.353760 2.868890 1.000000 -0.027039 0.404053 2.624663 1.000000 -0.053925 0.420817 2.547840 1.000000 -0.292694 0.140650 2.977979 1.000000 -0.345098 -0.378729 3.069912 1.000000 -0.371261 -0.758057 3.130261 1.000000 -0.404545 -0.822755 3.098480 1.000000 -0.142413 0.135961 2.997144 1.000000 -0.136440 -0.394395 3.091555 1.000000 -0.158525 -0.772130 3.173449 1.000000 -0.147120 -0.824041 3.112267 1.000000
6842741405 -0.218617 0.212920 2.996500 1.000000 -0.225747 0.279086 3.042670 1.000000 -0.224328 0.642319 3.034608 1.000000 -0.192614 0.832790 3.019878 1.000000 -0.364165 0.551983 3.027919 1.000000 -0.481984 0.406589 2.824589 1.000000 -0.383861 0.458545 2.636033 1.000000 -0.355713 0.500488 2.581692 1.000000 -0.057957 0.548234 3.071674 1.000000 0.049766 0.370536 2.856754 1.000000 -0.031082 0.458984 2.650051 1.000000 -0.052884 0.513294 2.599919 1.000000 -0.291564 0.141485 2.979939 1.000000 -0.345322 -0.379548 3.070433 1.000000 -0.371220 -0.759649 3.132700 1.000000 -0.410312 -0.826779 3.111840 1.000000 -0.143758 0.136868 2.997844 1.000000 -0.136156 -0.393999 3.091949 1.000000 -0.158448 -0.772158 3.173782 1.000000 -0.151889 -0.826842 3.125590 1.000000
6842785560 -0.217727 0.218783 2.998599 1.000000 -0.224492 0.285417 3.045838 1.000000 -0.217465 0.651948 3.038475 1.000000 -0.197179 0.843559 3.022030 1.000000 -0.363658 0.551860 3.026540 1.000000 -0.467507 0.443036 2.801648 1.000000 -0.336914 0.545898 2.601220 1.000000 -0.296556 0.604601 2.571869 1.000000 -0.051658 0.562256 3.074950 1.000000 0.040387 0.429076 2.819170 1.000000 -0.064514 0.554199 2.622705 1.000000 -0.094254 0.615634 2.586961 1.000000 -0.291199 0.148175 2.982644 1.000000 -0.346165 -0.377237 3.070266 1.000000 -0.371964 -0.760520 3.133691 1.000000 -0.413606 -0.828684 3.095604 1.000000 -0.143612 0.146188 2.998873 1.000000 -0.135829 -0.393300 3.092093 1.000000 -0.158399 -0.772125 3.173670 1.000000 -0.151982 -0.826987 3.125698 1.000000
6842818242 -0.218559 0.217858 2.999035 1.000000 -0.224313 0.283871 3.047420 1.000000 -0.218493 0.649593 3.042798 1.000000 -0.199366 0.840528 3.024689 1.000000 -0.377930 0.510254 2.991573 1.000000 -0.470072 0.458859 2.786380 1.000000 -0.326771 0.586010 2.617813 1.000000 -0.280402 0.643102 2.595207 1.000000 -0.071899 0.513672 3.030635 1.000000 0.054213 0.463342 2.808177 1.000000 -0.073801 0.582867 2.638850 1.000000 -0.108068 0.635337 2.594205 1.000000 -0.292585 0.147877 2.982968 1.000000 -0.346397 -0.376749 3.070195 1.000000 -0.372556 -0.760822 3.132982 1.000000 -0.410830 -0.829100 3.099042 1.000000 -0.143942 0.145890 2.998743 1.000000 -0.135776 -0.393254 3.092272 1.000000 -0.158791 -0.773253 3.173339 1.000000 -0.140063 -0.826852 3.092151 1.000000
6842850047 -0.221243 0.216684 2.998439 1.000000 -0.224924 0.282789 3.047449 1.000000 -0.221381 0.647590 3.039656 1.000000 -0.199131 0.839848 3.028147 1.000000 -0.372681 0.561523 3.011095 1.000000 -0.464025 0.484282 2.809475 1.000000 -0.325293 0.608692 2.629703 1.000000 -0.285832 0.661947 2.590671 1.000000 -0.071832 0.512771 3.029186 1.000000 0.057220 0.479844 2.824251 1.000000 -0.067498 0.603193 2.657567 1.000000 -0.123847 0.648646 2.602164 1.000000 -0.295038 0.147984 2.981992 1.000000 -0.346827 -0.376036 3.069548 1.000000 -0.374382 -0.763571 3.133368 1.000000 -0.414920 -0.833389 3.090147 1.000000 -0.147344 0.144270 2.998689 1.000000 -0.135685 -0.393290 3.092303 1.000000 -0.159097 -0.775301 3.173781 1.000000 -0.144453 -0.830342 3.092614 1.000000
6842881823 -0.221994 0.216205 2.998443 1.000000 -0.226227 0.282340 3.047994 1.000000 -0.224122 0.648256 3.039822 1.000000 -0.204885 0.840764 3.027848 1.000000 -0.372744 0.561679 3.011086 1.000000 -0.451172 0.543457 2.769253 1.000000 -0.322554 0.650738 2.633855 1.000000 -0.279513 0.703998 2.598989 1.000000 -0.075328 0.545420 3.035140 1.000000 0.053711 0.535156 2.816128 1.000000 -0.078430 0.653809 2.644176 1.000000 -0.128945 0.670291 2.588666 1.000000 -0.295406 0.148067 2.982228 1.000000 -0.346904 -0.373801 3.068238 1.000000 -0.373700 -0.762179 3.132860 1.000000 -0.417842 -0.833623 3.083014 1.000000 -0.148072 0.144236 2.998274 1.000000 -0.135502 -0.393084 3.092530 1.000000 -0.158985 -0.775851 3.173535 1.000000 -0.145020 -0.827619 3.090003 1.000000
6842925854 -0.222446 0.218660 2.998213 1.000000 -0.227451 0.286064 3.048066 1.000000 -0.227564 0.659264 3.037237 1.000000 -0.206188 0.852462 3.028570 1.000000 -0.379972 0.569037 3.006432 1.000000 -0.454170 0.554699 2.775244 1.000000 -0.305176 0.711426 2.614876 1.000000 -0.250774 0.762013 2.595319 1.000000 -0.075587 0.545942 3.032903 1.000000 0.062449 0.552030 2.814918 1.000000 -0.099000 0.708061 2.633867 1.000000 -0.142426 0.739989 2.579133 1.000000 -0.296037 0.150377 2.981120 1.000000 -0.346958 -0.373874 3.068207 1.000000 -0.373115 -0.762539 3.132577 1.000000 -0.419147 -0.836510 3.093300 1.000000 -0.147964 0.146549 2.998924 1.000000 -0.135281 -0.393290 3.092999 1.000000 -0.158598 -0.774818 3.172023 1.000000 -0.146217 -0.828521 3.089364 1.000000
6842958880 -0.222461 0.219056 2.998037 1.000000 -0.225913 0.288220 3.047378 1.000000 -0.229533 0.668881 3.028916 1.000000 -0.203469 0.863680 3.029512 1.000000 -0.382602 0.566464 3.006098 1.000000 -0.466661 0.567228 2.789665 1.000000 -0.327128 0.731278 2.622510 1.000000 -0.286980 0.794265 2.604907 1.000000 -0.076154 0.550324 3.022540 1.000000 0.084351 0.597168 2.816120 1.000000 -0.093960 0.748061 2.648077 1.000000 -0.153398 0.798359 2.596645 1.000000 -0.296059 0.150383 2.981086 1.000000 -0.346927 -0.374040 3.068175 1.000000 -0.373147 -0.762476 3.132667 1.000000 -0.415102 -0.832632 3.102408 1.000000 -0.147606 0.147636 2.999207 1.000000 -0.135226 -0.392291 3.093010 1.000000 -0.159053 -0.775092 3.172750 1.000000 -0.149231 -0.827061 3.114603 1.000000
6843002744 -0.222112 0.219063 2.997650 1.000000 -0.228050 0.287721 3.046781 1.000000 -0.226471 0.660301 3.030477 1.000000 -0.201812 0.856331 3.036272 1.000000 -0.378244 0.561819 3.002799 1.000000 -0.491087 0.593956 2.788906 1.000000 -0.359664 0.788087 2.622239 1.000000 -0.321251 0.853093 2.609107 1.000000 -0.057290 0.546540 3.037761 1.000000 0.096936 0.608395 2.837847 1.000000 -0.028900 0.780273 2.681278 1.000000 -0.077352 0.829849 2.648591 1.000000 -0.296023 0.150356 2.980903 1.000000 -0.346917 -0.374101 3.068232 1.000000 -0.374217 -0.765768 3.135554 1.000000 -0.416093 -0.834846 3.091906 1.000000 -0.146428 0.146904 2.997999 1.000000 -0.135309 -0.392262 3.093009 1.000000 -0.158656 -0.775126 3.173293 1.000000 -0.148087 -0.826338 3.115774 1.000000
6843035370 -0.222188 0.222234 2.996199 1.000000 -0.228312 0.289624 3.045491 1.000000 -0.227085 0.659452 3.029505 1.000000 -0.203860 0.855642 3.034818 1.000000 -0.379547 0.562731 3.002528 1.000000 -0.506269 0.619443 2.785785 1.000000 -0.412354 0.809570 2.642215 1.000000 -0.374268 0.880371 2.620731 1.000000 -0.057008 0.547098 3.038067 1.000000 0.110398 0.623634 2.858470 1.000000 0.031281 0.807617 2.718387 1.000000 -0.017975 0.869629 2.689090 1.000000 -0.295998 0.151923 2.980383 1.000000 -0.346902 -0.374091 3.068274 1.000000 -0.372577 -0.762419 3.134146 1.000000 -0.409793 -0.829622 3.097881 1.000000 -0.146381 0.148630 2.996233 1.000000 -0.135406 -0.392143 3.093137 1.000000 -0.158845 -0.775014 3.173308 1.000000 -0.148343 -0.825245 3.120285 1.000000
6843068069 -0.221164 0.223311 2.994891 1.000000 -0.227242 0.290433 3.044111 1.000000 -0.225549 0.658319 3.028029 1.000000 -0.204507 0.854170 3.029842 1.000000 -0.379353 0.562470 3.002427 1.000000 -0.517895 0.629242 2.786356 1.000000 -0.464844 0.819824 2.661747 1.000000 -0.425537 0.897949 2.646122 1.000000 -0.053732 0.551143 3.038812 1.000000 0.128348 0.624284 2.879169 1.000000 0.044596 0.855219 2.731351 1.000000 0.000661 0.916689 2.718742 1.000000 -0.295261 0.152259 2.979709 1.000000 -0.346895 -0.374086 3.068265 1.000000 -0.371766 -0.760858 3.133451 1.000000 -0.406634 -0.825960 3.098329 1.000000 -0.145453 0.149547 2.994278 1.000000 -0.135252 -0.391536 3.093133 1.000000 -0.159048 -0.774028 3.173341 1.000000 -0.149330 -0.825682 3.122170 1.000000
6843099546 -0.221479 0.223892 2.994198 1.000000 -0.227615 0.290818 3.043389 1.000000 -0.225781 0.657470 3.027218 1.000000 -0.198094 0.849127 3.014572 1.000000 -0.379975 0.562782 3.002039 1.000000 -0.541954 0.626922 2.793624 1.000000 -0.514142 0.805713 2.679645 1.000000 -0.480204 0.901400 2.658905 1.000000 -0.053473 0.551464 3.039181 1.000000 0.137820 0.621897 2.897823 1.000000 0.124337 0.803813 2.786551 1.000000 0.087052 0.889243 2.741280 1.000000 -0.295574 0.152507 2.978951 1.000000 -0.346898 -0.374618 3.068413 1.000000 -0.371301 -0.762269 3.130824 1.000000 -0.408440 -0.828928 3.094148 1.000000 -0.145739 0.149715 2.993727 1.000000 -0.135499 -0.390700 3.092565 1.000000 -0.159050 -0.773770 3.176193 1.000000 -0.149561 -0.824869 3.122447 1.000000
6843141449 -0.221201 0.225443 2.993257 1.000000 -0.227490 0.292064 3.041961 1.000000 -0.224650 0.654228 3.023251 1.000000 -0.197190 0.846513 3.012436 1.000000 -0.382476 0.562962 2.999827 1.000000 -0.565144 0.622856 2.799778 1.000000 -0.561481 0.804088 2.686371 1.000000 -0.545110 0.902317 2.658052 1.000000 -0.050910 0.554233 3.039506 1.000000 0.156509 0.613335 2.923403 1.000000 0.147432 0.862028 2.781611 1.000000 0.122118 0.933336 2.770202 1.000000 -0.295678 0.153027 2.978317 1.000000 -0.346933 -0.374523 3.068379 1.000000 -0.370496 -0.760427 3.124179 1.000000 -0.410834 -0.829579 3.098123 1.000000 -0.145425 0.149945 2.993305 1.000000 -0.135470 -0.391320 3.092855 1.000000 -0.159036 -0.773871 3.176027 1.000000 -0.147829 -0.825710 3.111583 1.000000
6843175599 -0.221044 0.226456 2.992052 1.000000 -0.227006 0.293343 3.039881 1.000000 -0.224088 0.654736 3.020191 1.000000 -0.197004 0.848082 3.012867 1.000000 -0.383666 0.562606 2.998656 1.000000 -0.586378 0.617977 2.808280 1.000000 -0.595737 0.795497 2.688710 1.000000 -0.600524 0.894531 2.658939 1.000000 -0.047273 0.552769 3.037434 1.000000 0.167698 0.607207 2.938113 1.000000 0.209595 0.844238 2.819950 1.000000 0.206932 0.919378 2.805750 1.000000 -0.295936 0.153278 2.977751 1.000000 -0.347108 -0.374522 3.068339 1.000000 -0.371011 -0.759407 3.125862 1.000000 -0.405339 -0.823673 3.097029 1.000000 -0.144822 0.149886 2.991918 1.000000 -0.135634 -0.391354 3.092747 1.000000 -0.159020 -0.774116 3.175989 1.000000 -0.143057 -0.829618 3.095303 1.000000
6843218598 -0.221059 0.228069 2.990256 1.000000 -0.227017 0.294746 3.037212 1.000000 -0.224164 0.653542 3.016609 1.000000 -0.197323 0.847009 3.009262 1.000000 -0.387421 0.561733 2.997169 1.000000 -0.599121 0.555664 2.859084 1.000000 -0.664063 0.745605 2.712527 1.000000 -0.672852 0.825684 2.691043 1.000000 -0.045821 0.552846 3.037266 1.000000 0.179870 0.582671 2.964605 1.000000 0.276855 0.805176 2.823855 1.000000 0.292650 0.879543 2.815958 1.000000 -0.296623 0.153708 2.976310 1.000000 -0.347701 -0.375311 3.068249 1.000000 -0.370828 -0.759119 3.126389 1.000000 -0.404648 -0.823308 3.096823 1.000000 -0.144173 0.150073 2.990408 1.000000 -0.135680 -0.390897 3.092588 1.000000 -0.159131 -0.774095 3.176574 1.000000 -0.142763 -0.826503 3.103587 1.000000
6843249919 -0.221025 0.228483 2.989245 1.000000 -0.226982 0.295196 3.035159 1.000000 -0.224476 0.651806 3.013596 1.000000 -0.194331 0.840571 2.991395 1.000000 -0.388900 0.560673 2.995996 1.000000 -0.595215 0.511719 2.898147 1.000000 -0.722656 0.690430 2.732059 1.000000 -0.750329 0.755594 2.703493 1.000000 -0.043049 0.551205 3.037060 1.000000 0.175537 0.525391 3.007522 1.000000 0.334961 0.716797 2.870730 1.000000 0.363770 0.800781 2.853152 1.000000 -0.297097 0.153449 2.975055 1.000000 -0.347849 -0.375428 3.068215 1.000000 -0.371132 -0.759408 3.127229 1.000000 -0.403580 -0.822289 3.096916 1.000000 -0.143602 0.149689 2.989476 1.000000 -0.135773 -0.390758 3.092317 1.000000 -0.158439 -0.771807 3.175425 1.000000 -0.144882 -0.824331 3.108943 1.000000
6843281486 -0.220858 0.228394 2.988424 1.000000 -0.226691 0.295167 3.033115 1.000000 -0.223180 0.650001 3.010845 1.000000 -0.193794 0.836942 2.982780 1.000000 -0.390107 0.559286 2.994621 1.000000 -0.608319 0.499925 2.900476 1.000000 -0.772949 0.635742 2.734011 1.000000 -0.811478 0.690032 2.696651 1.000000 -0.041225 0.548061 3.036896 1.000000 0.185032 0.515315 3.009588 1.000000 0.388184 0.667480 2.884402 1.000000 0.428734 0.731326 2.874049 1.000000 -0.297463 0.152717 2.974003 1.000000 -0.348084 -0.378009 3.068545 1.000000 -0.370124 -0.761494 3.128974 1.000000 -0.417328 -0.834163 3.080922 1.000000 -0.143062 0.148958 2.988616 1.000000 -0.136217 -0.390294 3.091934 1.000000 -0.158424 -0.771008 3.175181 1.000000 -0.145757 -0.823504 3.114051 1.000000
6843325598 -0.220675 0.228028 2.987437 1.000000 -0.226744 0.294793 3.031285 1.000000 -0.223510 0.649734 3.010112 1.000000 -0.194364 0.837045 2.984191 1.000000 -0.391258 0.557407 2.992984 1.000000 -0.587402 0.461426 2.933304 1.000000 -0.757973 0.493645 2.807361 1.000000 -0.805695 0.526324 2.757564 1.000000 -0.040970 0.546480 3.037542 1.000000 0.185523 0.474606 3.029984 1.000000 0.417850 0.590979 2.912895 1.000000 0.477704 0.637740 2.905414 1.000000 -0.297337 0.151647 2.972093 1.000000 -0.347985 -0.378504 3.068244 1.000000 -0.370546 -0.761359 3.129359 1.000000 -0.411835 -0.832646 3.123146 1.000000 -0.142611 0.148177 2.987972 1.000000 -0.136321 -0.390714 3.091862 1.000000 -0.158217 -0.771139 3.174857 1.000000 -0.146867 -0.826738 3.107723 1.000000
6843358464 -0.220397 0.226818 2.986384 1.000000 -0.226952 0.293628 3.029477 1.000000 -0.223117 0.649044 3.009396 1.000000 -0.195102 0.836222 2.983767 1.000000 -0.391767 0.552712 2.990608 1.000000 -0.588513 0.447956 2.942192 1.000000 -0.760863 0.434243 2.815257 1.000000 -0.770996 0.444580 2.800419 1.000000 -0.040510 0.543393 3.040716 1.000000 0.177402 0.446645 3.039944 1.000000 0.391113 0.465576 2.946903 1.000000 0.455479 0.499576 2.924064 1.000000 -0.297365 0.150023 2.970798 1.000000 -0.347992 -0.378596 3.068222 1.000000 -0.370637 -0.760783 3.129050 1.000000 -0.404694 -0.823696 3.110320 1.000000 -0.142116 0.146444 2.987053 1.000000 -0.136646 -0.391065 3.091582 1.000000 -0.158323 -0.771659 3.175142 1.000000 -0.145254 -0.832228 3.097654 1.000000
6843392423 -0.220036 0.226169 2.985390 1.000000 -0.226635 0.293032 3.027800 1.000000 -0.222098 0.648500 3.008300 1.000000 -0.195155 0.836329 2.983840 1.000000 -0.392270 0.548867 2.989769 1.000000 -0.588833 0.412470 2.962402 1.000000 -0.755371 0.365723 2.821903 1.000000 -0.818848 0.357178 2.765262 1.000000 -0.039972 0.540119 3.042200 1.000000 0.162630 0.405633 3.044333 1.000000 0.393799 0.387695 2.954715 1.000000 0.467797 0.398939 2.940073 1.000000 -0.297428 0.148795 2.968721 1.000000 -0.348288 -0.378723 3.068341 1.000000 -0.371203 -0.760350 3.129842 1.000000 -0.406310 -0.823514 3.111211 1.000000 -0.141619 0.145482 2.986708 1.000000 -0.136672 -0.391133 3.091565 1.000000 -0.158421 -0.771730 3.175522 1.000000 -0.148781 -0.826399 3.118418 1.000000
6843435312 -0.219499 0.225376 2.984811 1.000000 -0.226126 0.292392 3.026778 1.000000 -0.222009 0.648428 3.008084 1.000000 -0.194996 0.834576 2.978733 1.000000 -0.392921 0.545561 2.989722 1.000000 -0.574190 0.373063 2.983427 1.000000 -0.716797 0.281494 2.849247 1.000000 -0.783203 0.246704 2.814091 1.000000 -0.039389 0.538577 3.042582 1.000000 0.146076 0.384049 3.047446 1.000000 0.386963 0.289063 2.972294 1.000000 0.461756 0.274550 2.970062 1.000000 -0.296976 0.147473 2.967021 1.000000 -0.348560 -0.379295 3.068035 1.000000 -0.371156 -0.760408 3.129791 1.000000 -0.406196 -0.822845 3.109134 1.000000 -0.140403 0.143547 2.987014 1.000000 -0.137004 -0.392466 3.091496 1.000000 -0.159716 -0.774643 3.177683 1.000000 -0.138571 -0.827846 3.096625 1.000000
6843466678 -0.218785 0.223761 2.984231 1.000000 -0.225114 0.291353 3.025525 1.000000 -0.220775 0.648740 3.006233 1.000000 -0.195181 0.835913 2.978770 1.000000 -0.393755 0.537737 2.990444 1.000000 -0.544922 0.325195 2.986040 1.000000 -0.690918 0.168945 2.845341 1.000000 -0.747244 0.123781 2.820613 1.000000 -0.039542 0.537829 3.042300 1.000000 0.114136 0.338135 3.050493 1.000000 0.281673 0.224434 2.995103 1.000000 0.372204 0.177242 2.979694 1.000000 -0.296702 0.145724 2.966661 1.000000 -0.348691 -0.379365 3.067888 1.000000 -0.371116 -0.759813 3.130404 1.000000 -0.404572 -0.820726 3.106881 1.000000 -0.139551 0.141960 2.986985 1.000000 -0.136911 -0.393461 3.091727 1.000000 -0.159228 -0.774604 3.176308 1.000000 -0.143558 -0.831418 3.096434 1.000000
6843508326 -0.217966 0.221009 2.983020 1.000000 -0.224114 0.288728 3.023758 1.000000 -0.219229 0.646858 3.005092 1.000000 -0.195518 0.835599 2.981025 1.000000 -0.392835 0.536047 2.989883 1.000000 -0.525473 0.318294 2.986042 1.000000 -0.627930 0.133911 2.866827 1.000000 -0.665527 0.078064 2.825811 1.000000 -0.039772 0.528358 3.041459 1.000000 0.103120 0.331044 3.047456 1.000000 0.276611 0.147827 2.993780 1.000000 0.342285 0.091919 2.985967 1.000000 -0.296058 0.143302 2.964714 1.000000 -0.348719 -0.380269 3.067288 1.000000 -0.369777 -0.757366 3.129981 1.000000 -0.389539 -0.818471 3.094496 1.000000 -0.139038 0.139218 2.986888 1.000000 -0.136854 -0.394296 3.091654 1.000000 -0.159092 -0.774741 3.174809 1.000000 -0.143489 -0.832263 3.095422 1.000000
6843541338 -0.217561 0.218794 2.982508 1.000000 -0.223592 0.286993 3.022893 1.000000 -0.219029 0.646676 3.004952 1.000000 -0.194661 0.836016 2.982532 1.000000 -0.392026 0.534629 2.989474 1.000000 -0.496240 0.298080 2.981080 1.000000 -0.566895 0.096191 2.874640 1.000000 -0.596191 0.023483 2.839484 1.000000 -0.040382 0.528033 3.040330 1.000000 0.075177 0.299313 3.043056 1.000000 0.227173 0.093445 2.991828 1.000000 0.280518 0.020416 2.962531 1.000000 -0.295604 0.141776 2.964451 1.000000 -0.348025 -0.382819 3.067389 1.000000 -0.369719 -0.757302 3.130008 1.000000 -0.393811 -0.818291 3.097087 1.000000 -0.138926 0.137640 2.986537 1.000000 -0.136800 -0.395097 3.091027 1.000000 -0.159122 -0.775060 3.175046 1.000000 -0.143814 -0.832613 3.095620 1.000000
6843574537 -0.217268 0.217378 2.982289 1.000000 -0.223056 0.285666 3.022289 1.000000 -0.218253 0.645820 3.004694 1.000000 -0.193871 0.836386 2.985693 1.000000 -0.391575 0.533847 2.989492 1.000000 -0.477509 0.295233 2.981732 1.000000 -0.511719 0.085205 2.872689 1.000000 -0.524902 0.012146 2.841439 1.000000 -0.041216 0.527422 3.039350 1.000000 0.052241 0.287151 3.029298 1.000000 0.169312 0.054688 2.954720 1.000000 0.203979 -0.015610 2.935189 1.000000 -0.295280 0.140635 2.964532 1.000000 -0.347398 -0.382496 3.066581 1.000000 -0.369710 -0.756861 3.130264 1.000000 -0.395940 -0.818687 3.100615 1.000000 -0.138917 0.136833 2.986282 1.000000 -0.136611 -0.394698 3.090270 1.000000 -0.159218 -0.775051 3.175188 1.000000 -0.149290 -0.829102 3.126511 1.000000
6843608121 -0.216965 0.216330 2.981945 1.000000 -0.222737 0.284946 3.021307 1.000000 -0.217909 0.645668 3.002950 1.000000 -0.194006 0.837711 2.988303 1.000000 -0.390388 0.532968 2.989853 1.000000 -0.464266 0.293810 2.982955 1.000000 -0.459229 0.099915 2.843393 1.000000 -0.457764 0.017746 2.821908 1.000000 -0.042423 0.527647 3.039836 1.000000 0.029448 0.288613 3.026456 1.000000 0.101807 0.060486 2.925424 1.000000 0.126343 -0.019241 2.896127 1.000000 -0.294669 0.139982 2.964608 1.000000 -0.347261 -0.382205 3.066517 1.000000 -0.369157 -0.756025 3.127498 1.000000 -0.405714 -0.824492 3.105927 1.000000 -0.138959 0.136509 2.986150 1.000000 -0.136610 -0.394325 3.089978 1.000000 -0.159494 -0.774697 3.175674 1.000000 -0.148982 -0.828745 3.127164 1.000000
6843652331 -0.216065 0.214781 2.981436 1.000000 -0.222119 0.283625 3.020421 1.000000 -0.217739 0.645417 3.002819 1.000000 -0.192704 0.838960 2.993823 1.000000 -0.388150 0.531848 2.988381 1.000000 -0.450473 0.289718 2.978208 1.000000 -0.418903 0.129562 2.837325 1.000000 -0.400635 0.058624 2.790659 1.000000 -0.043067 0.527724 3.039901 1.000000 0.009651 0.281616 3.028119 1.000000 0.040833 0.100159 2.903941 1.000000 0.049640 0.021274 2.837909 1.000000 -0.293066 0.138810 2.964139 1.000000 -0.347244 -0.382223 3.066555 1.000000 -0.369299 -0.756049 3.127725 1.000000 -0.406913 -0.825021 3.106461 1.000000 -0.138685 0.135921 2.985887 1.000000 -0.137201 -0.395314 3.089553 1.000000 -0.159206 -0.774830 3.175662 1.000000 -0.147420 -0.830967 3.113322 1.000000
6843683778 -0.215721 0.214631 2.981173 1.000000 -0.221877 0.283521 3.020015 1.000000 -0.217539 0.645995 3.003382 1.000000 -0.193402 0.840030 2.995498 1.000000 -0.387721 0.531838 2.988314 1.000000 -0.446244 0.310466 2.967460 1.000000 -0.390423 0.164932 2.817667 1.000000 -0.363885 0.106625 2.736702 1.000000 -0.043544 0.528007 3.040172 1.000000 0.001302 0.283390 3.029303 1.000000 0.002362 0.128238 2.878693 1.000000 -0.018478 0.056459 2.807471 1.000000 -0.292297 0.138724 2.963667 1.000000 -0.347071 -0.382168 3.066629 1.000000 -0.369972 -0.756387 3.127837 1.000000 -0.407403 -0.826247 3.106254 1.000000 -0.138469 0.135944 2.985533 1.000000 -0.137316 -0.393569 3.089489 1.000000 -0.158872 -0.774287 3.175644 1.000000 -0.148571 -0.829286 3.114528 1.000000
6843725289 -0.215212 0.214384 2.980680 1.000000 -0.221533 0.283314 3.019585 1.000000 -0.217635 0.646167 3.003719 1.000000 -0.193240 0.840472 2.996672 1.000000 -0.387364 0.532006 2.988433 1.000000 -0.444574 0.315745 2.962601 1.000000 -0.366213 0.189051 2.799818 1.000000 -0.352889 0.149099 2.724791 1.000000 -0.043772 0.528136 3.040190 1.000000 -0.004530 0.292182 3.023402 1.000000 -0.004912 0.146243 2.863055 1.000000 -0.042999 0.111938 2.761364 1.000000 -0.291327 0.138501 2.963083 1.000000 -0.346988 -0.382197 3.066681 1.000000 -0.371219 -0.757315 3.131273 1.000000 -0.407629 -0.826020 3.106791 1.000000 -0.137922 0.135923 2.984592 1.000000 -0.137202 -0.393766 3.089473 1.000000 -0.158871 -0.774272 3.175643 1.000000 -0.145882 -0.828561 3.105269 1.000000
6843759248 -0.214891 0.213948 2.980804 1.000000 -0.221265 0.282962 3.019733 1.000000 -0.218023 0.646908 3.005018 1.000000 -0.192378 0.840657 2.996052 1.000000 -0.385534 0.531564 2.989061 1.000000 -0.445892 0.320791 2.957348 1.000000 -0.390179 0.232875 2.764902 1.000000 -0.346901 0.193098 2.680044 1.000000 -0.044303 0.528642 3.039978 1.000000 -0.005393 0.303878 3.019395 1.000000 -0.018041 0.181421 2.839483 1.000000 -0.054467 0.138226 2.753093 1.000000 -0.290181 0.138222 2.963528 1.000000 -0.346857 -0.381973 3.066764 1.000000 -0.369028 -0.757008 3.131543 1.000000 -0.407981 -0.826089 3.107255 1.000000 -0.137910 0.135887 2.984550 1.000000 -0.137129 -0.394235 3.089648 1.000000 -0.158754 -0.774252 3.175524 1.000000 -0.142765 -0.826849 3.092831 1.000000
6843792215 -0.214523 0.213423 2.980900 1.000000 -0.220716 0.282343 3.019872 1.000000 -0.217852 0.646174 3.005303 1.000000 -0.192767 0.840697 2.998807 1.000000 -0.385077 0.532043 2.990060 1.000000 -0.453467 0.329091 2.947398 1.000000 -0.365153 0.243628 2.739360 1.000000 -0.335845 0.215266 2.674884 1.000000 -0.044930 0.528950 3.039197 1.000000 -0.005846 0.313487 3.012717 1.000000 -0.034563 0.202263 2.827102 1.000000 -0.085449 0.192017 2.728167 1.000000 -0.288885 0.137682 2.964749 1.000000 -0.346433 -0.381832 3.067079 1.000000 -0.368838 -0.757052 3.132508 1.000000 -0.409555 -0.826002 3.105554 1.000000 -0.137933 0.135593 2.984003 1.000000 -0.136424 -0.395311 3.090243 1.000000 -0.158825 -0.774210 3.175430 1.000000 -0.142278 -0.826890 3.092844 1.000000
6843825422 -0.214441 0.213185 2.981713 1.000000 -0.220640 0.281943 3.020928 1.000000 -0.218007 0.645750 3.007256 1.000000 -0.193107 0.840266 3.000305 1.000000 -0.384943 0.532184 2.990177 1.000000 -0.461771 0.335875 2.941400 1.000000 -0.364604 0.265983 2.731351 1.000000 -0.332363 0.242792 2.666220 1.000000 -0.045101 0.529156 3.039159 1.000000 0.003263 0.321123 3.003453 1.000000 -0.036593 0.219749 2.814117 1.000000 -0.095543 0.214146 2.707986 1.000000 -0.287982 0.137746 2.965865 1.000000 -0.345887 -0.381750 3.067389 1.000000 -0.368720 -0.757017 3.132521 1.000000 -0.409312 -0.825379 3.105001 1.000000 -0.138546 0.135339 2.984581 1.000000 -0.135975 -0.395450 3.090353 1.000000 -0.159011 -0.774989 3.175998 1.000000 -0.142402 -0.827364 3.093177 1.000000
6843869598 -0.214101 0.213059 2.982046 1.000000 -0.220322 0.281644 3.021653 1.000000 -0.217962 0.645702 3.009165 1.000000 -0.193461 0.840259 3.003575 1.000000 -0.384773 0.532187 2.990462 1.000000 -0.462598 0.338650 2.939241 1.000000 -0.399142 0.246256 2.752014 1.000000 -0.348837 0.226431 2.664115 1.000000 -0.045108 0.529174 3.039212 1.000000 0.004375 0.324666 2.981368 1.000000 -0.072924 0.244843 2.766321 1.000000 -0.098569 0.218361 2.699543 1.000000 -0.286909 0.137559 2.966301 1.000000 -0.345744 -0.381311 3.067642 1.000000 -0.369165 -0.757418 3.132051 1.000000 -0.407276 -0.825743 3.105456 1.000000 -0.138547 0.135338 2.984608 1.000000 -0.135907 -0.394454 3.090489 1.000000 -0.158383 -0.771995 3.173717 1.000000 -0.147753 -0.827565 3.102306 1.000000
6843902083 -0.213616 0.213131 2.982573 1.000000 -0.219901 0.281582 3.022711 1.000000 -0.218047 0.646259 3.011173 1.000000 -0.193489 0.840015 3.003740 1.000000 -0.383699 0.532284 2.991762 1.000000 -0.462044 0.340240 2.938495 1.000000 -0.367999 0.269981 2.727022 1.000000 -0.336804 0.246676 2.661441 1.000000 -0.044890 0.530533 3.040165 1.000000 0.005257 0.325867 2.980429 1.000000 -0.071866 0.249203 2.764072 1.000000 -0.097448 0.223773 2.696871 1.000000 -0.285457 0.137776 2.966984 1.000000 -0.345546 -0.381250 3.067325 1.000000 -0.366703 -0.755842 3.130130 1.000000 -0.405541 -0.825527 3.104201 1.000000 -0.138533 0.135480 2.984745 1.000000 -0.135318 -0.393340 3.090623 1.000000 -0.158396 -0.772039 3.173724 1.000000 -0.150826 -0.826479 3.118657 1.000000
6843933445 -0.213310 0.212813 2.983003 1.000000 -0.219646 0.281060 3.023633 1.000000 -0.218337 0.645202 3.012199 1.000000 -0.193229 0.839274 3.006021 1.000000 -0.383306 0.532683 2.993065 1.000000 -0.462793 0.339012 2.937946 1.000000 -0.368942 0.267840 2.726882 1.000000 -0.337795 0.244220 2.661401 1.000000 -0.045377 0.531288 3.040803 1.000000 0.008939 0.324413 2.976443 1.000000 -0.068336 0.248226 2.760133 1.000000 -0.096103 0.220850 2.687354 1.000000 -0.284444 0.137340 2.967691 1.000000 -0.345490 -0.382458 3.068080 1.000000 -0.368932 -0.758415 3.131899 1.000000 -0.416176 -0.832892 3.096155 1.000000 -0.138556 0.135480 2.984797 1.000000 -0.134799 -0.393024 3.090939 1.000000 -0.158176 -0.772145 3.173576 1.000000 -0.151874 -0.826855 3.123823 1.000000
6843964791 -0.213125 0.212322 2.983315 1.000000 -0.219461 0.280385 3.024596 1.000000 -0.218234 0.644723 3.013814 1.000000 -0.192220 0.838164 3.005278 1.000000 -0.382677 0.532218 2.994109 1.000000 -0.463161 0.339647 2.937875 1.000000 -0.390770 0.258390 2.748888 1.000000 -0.345280 0.229348 2.660965 1.000000 -0.045493 0.531116 3.041128 1.000000 0.011934 0.323854 2.977953 1.000000 -0.041988 0.233322 2.786867 1.000000 -0.093917 0.219118 2.691694 1.000000 -0.284077 0.137040 2.967927 1.000000 -0.345111 -0.381067 3.068052 1.000000 -0.369100 -0.758444 3.131659 1.000000 -0.413641 -0.828767 3.098505 1.000000 -0.138667 0.135301 2.984807 1.000000 -0.134737 -0.392919 3.090865 1.000000 -0.158126 -0.772005 3.173924 1.000000 -0.152087 -0.826907 3.125385 1.000000
6844008292 -0.213168 0.212178 2.983907 1.000000 -0.219453 0.280110 3.025710 1.000000 -0.218107 0.644175 3.014521 1.000000 -0.190605 0.836903 3.003757 1.000000 -0.382745 0.532272 2.994705 1.000000 -0.463618 0.340447 2.938713 1.000000 -0.393489 0.256884 2.749987 1.000000 -0.346526 0.221283 2.665197 1.000000 -0.045582 0.530764 3.040900 1.000000 0.011583 0.324417 2.978522 1.000000 -0.044354 0.233091 2.788567 1.000000 -0.088300 0.218297 2.701724 1.000000 -0.284115 0.136881 2.968773 1.000000 -0.344920 -0.381227 3.068404 1.000000 -0.368965 -0.758641 3.131596 1.000000 -0.411776 -0.830502 3.101499 1.000000 -0.138864 0.135261 2.985008 1.000000 -0.134760 -0.392726 3.090586 1.000000 -0.157981 -0.771698 3.173732 1.000000 -0.151355 -0.825559 3.124291 1.000000
6844041254 -0.213088 0.211964 2.984158 1.000000 -0.219390 0.279799 3.026457 1.000000 -0.217832 0.643881 3.015043 1.000000 -0.190635 0.836662 3.004032 1.000000 -0.382402 0.531740 2.995052 1.000000 -0.464407 0.340350 2.939750 1.000000 -0.394195 0.255612 2.751725 1.000000 -0.347447 0.220316 2.666705 1.000000 -0.045562 0.530764 3.041154 1.000000 0.008834 0.325616 2.982018 1.000000 -0.054356 0.216655 2.805124 1.000000 -0.088767 0.215425 2.694410 1.000000 -0.284159 0.136728 2.969063 1.000000 -0.344924 -0.380844 3.068174 1.000000 -0.369546 -0.760357 3.130616 1.000000 -0.413261 -0.831426 3.100260 1.000000 -0.138852 0.135215 2.985034 1.000000 -0.134602 -0.393119 3.090658 1.000000 -0.157442 -0.772689 3.172689 1.000000 -0.149632 -0.826708 3.109633 1.000000
6844085421 -0.213171 0.212228 2.984483 1.000000 -0.219441 0.280126 3.027200 1.000000 -0.217728 0.645047 3.015366 1.000000 -0.191004 0.838705 3.007173 1.000000 -0.382673 0.532693 2.996690 1.000000 -0.464455 0.340454 2.940340 1.000000 -0.396032 0.253818 2.752642 1.000000 -0.347237 0.220310 2.668063 1.000000 -0.045452 0.530834 3.042197 1.000000 0.006792 0.326089 2.986307 1.000000 -0.063008 0.244987 2.769868 1.000000 -0.088972 0.214819 2.694480 1.000000 -0.284520 0.137163 2.969472 1.000000 -0.344993 -0.380884 3.068058 1.000000 -0.369923 -0.760240 3.131045 1.000000 -0.406250 -0.825381 3.099897 1.000000 -0.138903 0.135302 2.985204 1.000000 -0.134816 -0.393376 3.090717 1.000000 -0.157399 -0.772697 3.172724 1.000000 -0.150769 -0.827176 3.104326 1.000000
6844116575 -0.213385 0.212482 2.985085 1.000000 -0.219661 0.280245 3.028193 1.000000 -0.217946 0.644801 3.016081 1.000000 -0.193845 0.834567 2.993210 1.000000 -0.383297 0.533194 2.997400 1.000000 -0.465571 0.342707 2.942606 1.000000 -0.398679 0.255306 2.754800 1.000000 -0.349303 0.221481 2.670676 1.000000 -0.045595 0.531015 3.042616 1.000000 0.005471 0.326661 2.987896 1.000000 -0.066528 0.199951 2.769236 1.000000 -0.093862 0.212257 2.699060 1.000000 -0.284550 0.137299 2.969681 1.000000 -0.344993 -0.380889 3.068073 1.000000 -0.366423 -0.756596 3.128272 1.000000 -0.396371 -0.822736 3.095027 1.000000 -0.139557 0.135445 2.985994 1.000000 -0.134929 -0.393422 3.090164 1.000000 -0.157276 -0.772152 3.172831 1.000000 -0.144916 -0.827166 3.103315 1.000000
6844159258 -0.213593 0.212061 2.985930 1.000000 -0.220025 0.279866 3.029306 1.000000 -0.218247 0.644658 3.016661 1.000000 -0.194701 0.834676 2.994115 1.000000 -0.383481 0.533194 2.997563 1.000000 -0.467232 0.342540 2.942362 1.000000 -0.401339 0.256922 2.753394 1.000000 -0.351354 0.222585 2.669852 1.000000 -0.046326 0.531521 3.043549 1.000000 0.005115 0.326961 2.989944 1.000000 -0.036863 0.222329 2.803962 1.000000 -0.093474 0.209436 2.705410 1.000000 -0.284521 0.136923 2.970595 1.000000 -0.345103 -0.381030 3.068205 1.000000 -0.367920 -0.758371 3.129762 1.000000 -0.398348 -0.823516 3.087502 1.000000 -0.140078 0.135134 2.986656 1.000000 -0.134972 -0.394174 3.090588 1.000000 -0.157466 -0.773531 3.173693 1.000000 -0.144750 -0.828385 3.102677 1.000000
6844192372 -0.213486 0.212265 2.986708 1.000000 -0.220138 0.279950 3.030496 1.000000 -0.218128 0.644637 3.018049 1.000000 -0.194229 0.836383 3.000835 1.000000 -0.383554 0.533582 2.998354 1.000000 -0.466943 0.343579 2.942794 1.000000 -0.401933 0.256687 2.754226 1.000000 -0.351871 0.222586 2.670648 1.000000 -0.045731 0.531785 3.045929 1.000000 0.004730 0.327422 2.993800 1.000000 -0.026339 0.219940 2.807366 1.000000 -0.093384 0.208147 2.704630 1.000000 -0.284361 0.137149 2.971101 1.000000 -0.345093 -0.380822 3.068056 1.000000 -0.368058 -0.757397 3.129626 1.000000 -0.398621 -0.820507 3.092121 1.000000 -0.140154 0.135122 2.987270 1.000000 -0.134959 -0.394365 3.090650 1.000000 -0.157629 -0.773792 3.173700 1.000000 -0.144441 -0.828151 3.091615 1.000000
6844226339 -0.213658 0.212595 2.987254 1.000000 -0.220396 0.280197 3.031038 1.000000 -0.218198 0.644600 3.017876 1.000000 -0.193374 0.836219 3.000384 1.000000 -0.383800 0.533906 2.998471 1.000000 -0.467143 0.343869 2.942663 1.000000 -0.402195 0.255425 2.754962 1.000000 -0.351911 0.221501 2.671460 1.000000 -0.046076 0.531712 3.046808 1.000000 0.004318 0.329621 2.998122 1.000000 -0.026824 0.218686 2.814012 1.000000 -0.092495 0.207121 2.704988 1.000000 -0.284828 0.137699 2.972017 1.000000 -0.345239 -0.380294 3.067834 1.000000 -0.368081 -0.757337 3.129672 1.000000 -0.399334 -0.819967 3.094027 1.000000 -0.140254 0.135357 2.987858 1.000000 -0.135054 -0.394233 3.090698 1.000000 -0.157625 -0.773800 3.173703 1.000000 -0.141740 -0.831139 3.094473 1.000000
6844259466 -0.213767 0.212611 2.987420 1.000000 -0.220533 0.280179 3.031306 1.000000 -0.218712 0.643725 3.017485 1.000000 -0.192749 0.836149 3.002963 1.000000 -0.384317 0.533991 2.998818 1.000000 -0.467195 0.343594 2.942875 1.000000 -0.391720 0.244321 2.765695 1.000000 -0.349131 0.214660 2.676498 1.000000 -0.046307 0.531530 3.047147 1.000000 0.004436 0.328749 3.000112 1.000000 -0.030821 0.219620 2.815749 1.000000 -0.091437 0.194539 2.703912 1.000000 -0.285149 0.137697 2.972309 1.000000 -0.345259 -0.380651 3.068023 1.000000 -0.371613 -0.758383 3.134946 1.000000 -0.398724 -0.820131 3.095870 1.000000 -0.140255 0.135335 2.988000 1.000000 -0.135019 -0.394712 3.091257 1.000000 -0.157528 -0.774561 3.173455 1.000000 -0.144094 -0.831620 3.096764 1.000000
6844303113 -0.214239 0.212818 2.988255 1.000000 -0.220924 0.280426 3.031955 1.000000 -0.218663 0.643773 3.017478 1.000000 -0.192963 0.836975 3.005326 1.000000 -0.384330 0.534011 2.998789 1.000000 -0.465428 0.341906 2.944935 1.000000 -0.395584 0.239163 2.767510 1.000000 -0.347008 0.212038 2.680607 1.000000 -0.046267 0.531656 3.047699 1.000000 0.004010 0.327952 3.002874 1.000000 -0.028462 0.213576 2.821530 1.000000 -0.088676 0.180741 2.712242 1.000000 -0.286083 0.138173 2.973067 1.000000 -0.345225 -0.380693 3.068111 1.000000 -0.371397 -0.757996 3.135106 1.000000 -0.398588 -0.819311 3.095570 1.000000 -0.140786 0.135165 2.989496 1.000000 -0.135839 -0.395372 3.091891 1.000000 -0.157730 -0.774857 3.173897 1.000000 -0.141335 -0.831880 3.094187 1.000000
6844335608 -0.214938 0.213010 2.988327 1.000000 -0.221341 0.280574 3.032031 1.000000 -0.218581 0.643761 3.017357 1.000000 -0.192242 0.837433 3.006984 1.000000 -0.384811 0.534519 2.999134 1.000000 -0.463089 0.336218 2.951718 1.000000 -0.365095 0.216379 2.770397 1.000000 -0.331299 0.175049 2.712618 1.000000 -0.046524 0.531213 3.047574 1.000000 0.003900 0.327494 3.003463 1.000000 -0.055054 0.177490 2.798556 1.000000 -0.086075 0.148578 2.722181 1.000000 -0.287825 0.138751 2.972840 1.000000 -0.345356 -0.380629 3.068222 1.000000 -0.370561 -0.757268 3.133977 1.000000 -0.398572 -0.819292 3.095651 1.000000 -0.141363 0.135063 2.989715 1.000000 -0.135803 -0.395799 3.092252 1.000000 -0.157858 -0.775034 3.174226 1.000000 -0.144515 -0.833506 3.098279 1.000000
6844367018 -0.215279 0.213106 2.987950 1.000000 -0.221844 0.280654 3.031713 1.000000 -0.219513 0.643869 3.017054 1.000000 -0.192776 0.837101 3.004970 1.000000 -0.384859 0.534527 2.999258 1.000000 -0.460350 0.331642 2.954916 1.000000 -0.388347 0.203917 2.797444 1.000000 -0.336674 0.139700 2.735223 1.000000 -0.046770 0.530937 3.048117 1.000000 0.003321 0.325074 3.009015 1.000000 -0.052633 0.172543 2.814389 1.000000 -0.089885 0.111654 2.740099 1.000000 -0.288500 0.138989 2.971963 1.000000 -0.345523 -0.380967 3.068926 1.000000 -0.370573 -0.757354 3.134005 1.000000 -0.398320 -0.819376 3.096869 1.000000 -0.141393 0.135088 2.989510 1.000000 -0.136100 -0.396158 3.092873 1.000000 -0.157829 -0.775044 3.174212 1.000000 -0.144563 -0.834136 3.096692 1.000000
6844409279 -0.215453 0.213237 2.987703 1.000000 -0.222119 0.280725 3.031623 1.000000 -0.219649 0.643978 3.017189 1.000000 -0.192897 0.837566 3.006142 1.000000 -0.385028 0.534477 2.999275 1.000000 -0.457675 0.325118 2.960773 1.000000 -0.376221 0.166626 2.812227 1.000000 -0.338516 0.128243 2.758115 1.000000 -0.047074 0.530850 3.048926 1.000000 0.002235 0.321156 3.015286 1.000000 -0.048797 0.154479 2.825839 1.000000 -0.079318 0.083932 2.770602 1.000000 -0.289200 0.139338 2.971133 1.000000 -0.345482 -0.381021 3.068885 1.000000 -0.370648 -0.757279 3.133936 1.000000 -0.398784 -0.819987 3.100009 1.000000 -0.141317 0.135113 2.989298 1.000000 -0.136588 -0.396796 3.093492 1.000000 -0.157099 -0.774510 3.173545 1.000000 -0.144637 -0.833457 3.099022 1.000000
6844442117 -0.215619 0.213304 2.986654 1.000000 -0.222359 0.280549 3.031070 1.000000 -0.219539 0.643405 3.017180 1.000000 -0.193195 0.837173 3.006315 1.000000 -0.385218 0.534064 2.999108 1.000000 -0.453200 0.317563 2.961595 1.000000 -0.377621 0.142389 2.820625 1.000000 -0.340329 0.080677 2.795785 1.000000 -0.046989 0.530477 3.049580 1.000000 0.000531 0.311543 3.018005 1.000000 -0.046814 0.108704 2.849335 1.000000 -0.071289 0.044403 2.806366 1.000000 -0.290239 0.139240 2.969091 1.000000 -0.345753 -0.380986 3.068630 1.000000 -0.370454 -0.757176 3.133358 1.000000 -0.398786 -0.819991 3.099999 1.000000 -0.140817 0.135109 2.987913 1.000000 -0.136462 -0.395963 3.093465 1.000000 -0.157199 -0.774783 3.173713 1.000000 -0.157958 -0.841740 3.143452 1.000000
6844476401 -0.215719 0.213401 2.986131 1.000000 -0.222600 0.280614 3.030714 1.000000 -0.219872 0.643470 3.016769 1.000000 -0.192983 0.837453 3.006704 1.000000 -0.385499 0.533936 2.998775 1.000000 -0.450210 0.311373 2.965998 1.000000 -0.383108 0.123030 2.845004 1.000000 -0.355357 0.055458 2.823191 1.000000 -0.047004 0.530407 3.049736 1.000000 -0.003955 0.305811 3.021713 1.000000 -0.044639 0.099927 2.866281 1.000000 -0.068054 0.006790 2.847379 1.000000 -0.290733 0.139236 2.968174 1.000000 -0.345623 -0.382060 3.069481 1.000000 -0.372137 -0.757960 3.133596 1.000000 -0.397747 -0.821950 3.095490 1.000000 -0.140460 0.135120 2.987542 1.000000 -0.136703 -0.396506 3.093920 1.000000 -0.155536 -0.772626 3.172241 1.000000 -0.145508 -0.831314 3.092610 1.000000
6844519166 -0.215896 0.213287 2.985682 1.000000 -0.222854 0.280480 3.030434 1.000000 -0.220057 0.643395 3.016464 1.000000 -0.192926 0.837124 3.006775 1.000000 -0.385461 0.533822 2.998709 1.000000 -0.449969 0.308034 2.969983 1.000000 -0.389496 0.090864 2.874823 1.000000 -0.366699 0.013115 2.861049 1.000000 -0.047050 0.530343 3.049880 1.000000 -0.006040 0.300505 3.025129 1.000000 -0.027161 0.100281 2.923549 1.000000 -0.056647 0.012718 2.877511 1.000000 -0.291038 0.139184 2.967710 1.000000 -0.345635 -0.382075 3.069484 1.000000 -0.371388 -0.756870 3.133107 1.000000 -0.396753 -0.820772 3.093838 1.000000 -0.140400 0.134997 2.987180 1.000000 -0.136779 -0.396834 3.095002 1.000000 -0.156211 -0.773579 3.172458 1.000000 -0.142071 -0.832313 3.093449 1.000000
6844550579 -0.216093 0.213355 2.985652 1.000000 -0.223223 0.280549 3.030506 1.000000 -0.220688 0.643469 3.016316 1.000000 -0.192907 0.830991 2.987065 1.000000 -0.385354 0.534069 2.998625 1.000000 -0.450233 0.302376 2.973797 1.000000 -0.404121 0.091293 2.906591 1.000000 -0.378107 -0.007366 2.892043 1.000000 -0.047213 0.530532 3.050317 1.000000 -0.008353 0.297577 3.026835 1.000000 -0.022981 0.100622 2.933558 1.000000 -0.041317 0.000089 2.919028 1.000000 -0.291183 0.139341 2.967705 1.000000 -0.345672 -0.382061 3.069494 1.000000 -0.372440 -0.757036 3.126516 1.000000 -0.396877 -0.820648 3.093946 1.000000 -0.140475 0.135025 2.987188 1.000000 -0.137123 -0.397588 3.094779 1.000000 -0.156442 -0.775880 3.173620 1.000000 -0.140565 -0.830145 3.091746 1.000000
6844592371 -0.216178 0.213302 2.985736 1.000000 -0.223201 0.280519 3.030623 1.000000 -0.220212 0.642728 3.015882 1.000000 -0.193483 0.831180 2.988528 1.000000 -0.385975 0.533639 2.998998 1.000000 -0.451191 0.298856 2.977892 1.000000 -0.411087 0.100710 2.917229 1.000000 -0.384324 0.002395 2.900792 1.000000 -0.047465 0.530392 3.050159 1.000000 -0.009840 0.288925 3.032323 1.000000 -0.018315 0.093806 2.955856 1.000000 -0.039215 -0.004119 2.930835 1.000000 -0.291562 0.139113 2.968246 1.000000 -0.346061 -0.382770 3.069799 1.000000 -0.372195 -0.757272 3.126956 1.000000 -0.406830 -0.829616 3.095789 1.000000 -0.140499 0.135000 2.987213 1.000000 -0.137085 -0.397751 3.094805 1.000000 -0.156802 -0.776174 3.173428 1.000000 -0.144133 -0.835376 3.094421 1.000000
6844625348 -0.216192 0.213449 2.985766 1.000000 -0.223213 0.280906 3.030389 1.000000 -0.219182 0.642805 3.013494 1.000000 -0.191835 0.833601 2.992997 1.000000 -0.386160 0.533827 2.998892 1.000000 -0.452000 0.295992 2.982612 1.000000 -0.417300 0.093156 2.925967 1.000000 -0.413679 0.017033 2.922470 1.000000 -0.047300 0.530190 3.050557 1.000000 -0.009067 0.282353 3.038427 1.000000 -0.016621 0.083322 2.975532 1.000000 -0.037928 -0.015025 2.952572 1.000000 -0.291647 0.139199 2.968261 1.000000 -0.346047 -0.382851 3.069800 1.000000 -0.372855 -0.759812 3.127835 1.000000 -0.411156 -0.833646 3.073031 1.000000 -0.140435 0.135056 2.987683 1.000000 -0.137164 -0.397922 3.094976 1.000000 -0.156794 -0.776140 3.173434 1.000000 -0.145095 -0.835748 3.094490 1.000000
6844659611 -0.216262 0.213775 2.985878 1.000000 -0.223162 0.281358 3.030056 1.000000 -0.218982 0.643270 3.012102 1.000000 -0.192834 0.833883 2.990220 1.000000 -0.386579 0.533814 2.999150 1.000000 -0.452272 0.290644 2.989954 1.000000 -0.424693 0.092507 2.930574 1.000000 -0.417217 0.017653 2.917739 1.000000 -0.047295 0.530239 3.050548 1.000000 -0.008635 0.279576 3.040642 1.000000 -0.015595 0.077996 2.989241 1.000000 -0.037106 -0.020297 2.966094 1.000000 -0.291806 0.139343 2.968547 1.000000 -0.346288 -0.382210 3.069299 1.000000 -0.372434 -0.759333 3.127471 1.000000 -0.419603 -0.837705 3.093167 1.000000 -0.140410 0.135385 2.987994 1.000000 -0.136658 -0.396826 3.095018 1.000000 -0.156910 -0.776029 3.173806 1.000000 -0.145686 -0.829509 3.103183 1.000000
6844692256 -0.216429 0.213800 2.986125 1.000000 -0.223209 0.281460 3.029772 1.000000 -0.218970 0.643046 3.011609 1.000000 -0.192360 0.834278 2.991517 1.000000 -0.386738 0.533776 2.999054 1.000000 -0.454374 0.287472 2.993047 1.000000 -0.427519 0.090218 2.929400 1.000000 -0.418393 -0.006105 2.893365 1.000000 -0.047308 0.530139 3.050638 1.000000 -0.008666 0.278403 3.042238 1.000000 -0.014597 0.076689 2.991131 1.000000 -0.032161 -0.022727 2.969498 1.000000 -0.292110 0.139298 2.968947 1.000000 -0.346199 -0.382077 3.069331 1.000000 -0.371850 -0.758569 3.126761 1.000000 -0.411169 -0.832887 3.096922 1.000000 -0.140587 0.135275 2.988739 1.000000 -0.136578 -0.397874 3.095052 1.000000 -0.157313 -0.776502 3.173789 1.000000 -0.145045 -0.832907 3.097569 1.000000
6844736384 -0.216450 0.214015 2.986343 1.000000 -0.223151 0.281659 3.029549 1.000000 -0.218901 0.643065 3.011594 1.000000 -0.191416 0.834025 2.990729 1.000000 -0.387227 0.534319 2.999361 1.000000 -0.456698 0.287223 2.994145 1.000000 -0.431764 0.090499 2.927304 1.000000 -0.419934 -0.004040 2.895617 1.000000 -0.047213 0.529987 3.050939 1.000000 -0.008146 0.276766 3.045621 1.000000 -0.012648 0.075025 2.994186 1.000000 -0.030789 -0.024193 2.971820 1.000000 -0.292216 0.139384 2.969123 1.000000 -0.346554 -0.382570 3.069170 1.000000 -0.370074 -0.762021 3.129843 1.000000 -0.414344 -0.835074 3.085845 1.000000 -0.140490 0.135390 2.989134 1.000000 -0.137041 -0.398172 3.094862 1.000000 -0.157388 -0.776544 3.173880 1.000000 -0.145678 -0.833247 3.097034 1.000000
6844767634 -0.216586 0.214104 2.986444 1.000000 -0.223179 0.281766 3.029305 1.000000 -0.219353 0.643019 3.011563 1.000000 -0.194655 0.829830 2.977844 1.000000 -0.388144 0.534834 3.000004 1.000000 -0.459061 0.287597 2.995475 1.000000 -0.438493 0.089054 2.924574 1.000000 -0.421186 -0.004594 2.895714 1.000000 -0.047323 0.529953 3.050908 1.000000 -0.007128 0.274492 3.049514 1.000000 -0.011117 0.073522 2.993843 1.000000 -0.023690 -0.026543 2.970958 1.000000 -0.292343 0.139377 2.969142 1.000000 -0.346500 -0.381490 3.069272 1.000000 -0.369131 -0.760696 3.129275 1.000000 -0.404249 -0.823970 3.091322 1.000000 -0.140511 0.135421 2.989425 1.000000 -0.136769 -0.397218 3.093968 1.000000 -0.157648 -0.775856 3.173318 1.000000 -0.145284 -0.825912 3.120701 1.000000
6844809202 -0.216812 0.213899 2.986811 1.000000 -0.223366 0.281610 3.029288 1.000000 -0.219716 0.642733 3.011728 1.000000 -0.194090 0.829922 2.979007 1.000000 -0.388580 0.534297 2.999951 1.000000 -0.461015 0.288667 2.996932 1.000000 -0.442484 0.076486 2.917614 1.000000 -0.423279 -0.006311 2.895828 1.000000 -0.047335 0.529939 3.050897 1.000000 -0.005777 0.271678 3.050816 1.000000 -0.008093 0.071178 2.992565 1.000000 -0.018245 -0.029315 2.970153 1.000000 -0.292679 0.138860 2.969769 1.000000 -0.346668 -0.382116 3.069577 1.000000 -0.370146 -0.761249 3.129813 1.000000 -0.404605 -0.824164 3.090132 1.000000 -0.140593 0.135212 2.989762 1.000000 -0.136913 -0.397591 3.094298 1.000000 -0.157659 -0.777056 3.172736 1.000000 -0.136935 -0.833768 3.093383 1.000000
6844843218 -0.217120 0.213924 2.987401 1.000000 -0.223506 0.281677 3.029265 1.000000 -0.219917 0.642318 3.011480 1.000000 -0.193163 0.831862 2.985217 1.000000 -0.388967 0.534335 3.000311 1.000000 -0.461963 0.290792 2.997568 1.000000 -0.446902 0.077114 2.916449 1.000000 -0.427121 -0.010277 2.895302 1.000000 -0.047360 0.529918 3.050943 1.000000 -0.004770 0.269269 3.050318 1.000000 -0.005970 0.060488 2.988253 1.000000 -0.017202 -0.040242 2.967241 1.000000 -0.293159 0.138794 2.970534 1.000000 -0.346381 -0.383985 3.070017 1.000000 -0.370618 -0.761447 3.129703 1.000000 -0.404348 -0.825915 3.095025 1.000000 -0.140787 0.135013 2.990827 1.000000 -0.136932 -0.397786 3.094358 1.000000 -0.157870 -0.776217 3.172323 1.000000 -0.140470 -0.835648 3.095067 1.000000
6844876402 -0.217226 0.214026 2.987591 1.000000 -0.223492 0.281814 3.029093 1.000000 -0.219837 0.642415 3.011578 1.000000 -0.192887 0.832097 2.985496 1.000000 -0.389284 0.534551 3.000923 1.000000 -0.462919 0.291878 2.997286 1.000000 -0.450858 0.071120 2.913881 1.000000 -0.430044 -0.028318 2.893668 1.000000 -0.047089 0.529661 3.051271 1.000000 -0.004229 0.267647 3.050373 1.000000 -0.004286 0.057588 2.986579 1.000000 -0.013147 -0.044023 2.968512 1.000000 -0.293382 0.138790 2.970705 1.000000 -0.346435 -0.384306 3.070390 1.000000 -0.370680 -0.761172 3.129959 1.000000 -0.404299 -0.825906 3.094969 1.000000 -0.140815 0.135011 2.991026 1.000000 -0.136818 -0.396929 3.093941 1.000000 -0.157777 -0.775287 3.173604 1.000000 -0.148651 -0.830705 3.125917 1.000000
6844909217 -0.217289 0.213986 2.987721 1.000000 -0.223491 0.281813 3.028892 1.000000 -0.219743 0.642373 3.011663 1.000000 -0.193036 0.833310 2.988853 1.000000 -0.389398 0.534558 3.001081 1.000000 -0.463082 0.291697 2.996686 1.000000 -0.455125 0.064946 2.909803 1.000000 -0.437643 -0.032818 2.894575 1.000000 -0.047144 0.529531 3.051482 1.000000 -0.003987 0.266429 3.050100 1.000000 -0.002530 0.054630 2.982607 1.000000 -0.012246 -0.047320 2.966629 1.000000 -0.293509 0.138739 2.970895 1.000000 -0.346898 -0.382634 3.069919 1.000000 -0.367328 -0.750777 3.125576 1.000000 -0.406535 -0.820933 3.101711 1.000000 -0.140860 0.134924 2.991134 1.000000 -0.136819 -0.397024 3.094003 1.000000 -0.158081 -0.775561 3.173609 1.000000 -0.144003 -0.833377 3.094703 1.000000
6844952336 -0.217536 0.213608 2.988106 1.000000 -0.223640 0.281535 3.028957 1.000000 -0.219663 0.642232 3.011948 1.000000 -0.192976 0.833252 2.989070 1.000000 -0.389741 0.534227 3.000929 1.000000 -0.463309 0.291230 2.995697 1.000000 -0.456737 0.056724 2.907386 1.000000 -0.440609 -0.035611 2.895041 1.000000 -0.047255 0.529434 3.051418 1.000000 -0.003939 0.264506 3.048971 1.000000 -0.000366 0.047137 2.980859 1.000000 -0.009533 -0.054955 2.965151 1.000000 -0.293888 0.138265 2.971367 1.000000 -0.347082 -0.383118 3.069707 1.000000 -0.367926 -0.757935 3.126783 1.000000 -0.417789 -0.833350 3.091758 1.000000 -0.141077 0.134470 2.991471 1.000000 -0.136959 -0.397160 3.093960 1.000000 -0.158236 -0.775581 3.173737 1.000000 -0.144348 -0.833561 3.095254 1.000000
6844983501 -0.217837 0.213521 2.988401 1.000000 -0.223929 0.281442 3.029033 1.000000 -0.220388 0.642086 3.012369 1.000000 -0.192925 0.833126 2.989581 1.000000 -0.390271 0.533902 3.001515 1.000000 -0.462877 0.289838 2.993511 1.000000 -0.457759 0.054105 2.904845 1.000000 -0.441432 -0.036597 2.895560 1.000000 -0.047442 0.529424 3.051630 1.000000 -0.003999 0.263684 3.048671 1.000000 0.001151 0.040249 2.979113 1.000000 -0.006846 -0.061822 2.962199 1.000000 -0.294204 0.138152 2.971825 1.000000 -0.347097 -0.383148 3.069802 1.000000 -0.367710 -0.757854 3.126639 1.000000 -0.411948 -0.829089 3.099901 1.000000 -0.141202 0.134373 2.991583 1.000000 -0.136707 -0.397367 3.094067 1.000000 -0.158247 -0.775442 3.173733 1.000000 -0.145215 -0.834426 3.098351 1.000000
6845025296 -0.218159 0.213273 2.988725 1.000000 -0.224322 0.281169 3.029018 1.000000 -0.221248 0.641036 3.012188 1.000000 -0.192040 0.833206 2.993405 1.000000 -0.390540 0.533480 3.001060 1.000000 -0.462895 0.289869 2.993271 1.000000 -0.457656 0.054118 2.902597 1.000000 -0.441809 -0.038858 2.896579 1.000000 -0.047458 0.529445 3.051647 1.000000 -0.004046 0.262569 3.048373 1.000000 0.000141 0.037784 2.978910 1.000000 -0.006478 -0.064385 2.961546 1.000000 -0.294561 0.137783 2.972443 1.000000 -0.347110 -0.384926 3.069814 1.000000 -0.367677 -0.757962 3.125977 1.000000 -0.410140 -0.827827 3.100645 1.000000 -0.141389 0.134107 2.991815 1.000000 -0.136826 -0.397930 3.093985 1.000000 -0.158250 -0.775440 3.173804 1.000000 -0.144511 -0.833311 3.097507 1.000000
6845058265 -0.218368 0.213300 2.988700 1.000000 -0.224427 0.281233 3.028777 1.000000 -0.221252 0.641227 3.012253 1.000000 -0.191964 0.833099 2.992250 1.000000 -0.390743 0.533495 3.001235 1.000000 -0.462930 0.289717 2.992248 1.000000 -0.458070 0.055618 2.901312 1.000000 -0.442149 -0.038954 2.896367 1.000000 -0.047594 0.529150 3.051537 1.000000 -0.004359 0.261420 3.048417 1.000000 0.000148 0.038417 2.979055 1.000000 -0.006314 -0.063718 2.960945 1.000000 -0.294882 0.137803 2.972298 1.000000 -0.347053 -0.384104 3.069563 1.000000 -0.368496 -0.757933 3.124208 1.000000 -0.409451 -0.827106 3.101377 1.000000 -0.141571 0.134075 2.991825 1.000000 -0.137054 -0.397717 3.093752 1.000000 -0.158307 -0.775193 3.173793 1.000000 -0.143341 -0.826325 3.110094 1.000000
6845092244 -0.218407 0.213095 2.988982 1.000000 -0.224406 0.280880 3.029110 1.000000 -0.220385 0.640814 3.014010 1.000000 -0.192346 0.832583 2.992800 1.000000 -0.390753 0.533461 3.001241 1.000000 -0.463247 0.289977 2.992410 1.000000 -0.456531 0.056456 2.899791 1.000000 -0.440556 -0.039117 2.894634 1.000000 -0.047673 0.529089 3.051571 1.000000 -0.004436 0.260624 3.048448 1.000000 -0.000603 0.038497 2.979786 1.000000 -0.006440 -0.063640 2.960997 1.000000 -0.294934 0.137692 2.972370 1.000000 -0.347259 -0.384314 3.069430 1.000000 -0.370777 -0.761744 3.130629 1.000000 -0.409442 -0.827734 3.096465 1.000000 -0.141651 0.133850 2.992104 1.000000 -0.136951 -0.398302 3.093702 1.000000 -0.158429 -0.775203 3.173786 1.000000 -0.142761 -0.830509 3.097602 1.000000
6845125070 -0.218371 0.213127 2.989052 1.000000 -0.224594 0.280929 3.029085 1.000000 -0.220343 0.640933 3.014071 1.000000 -0.191425 0.833338 2.994966 1.000000 -0.390781 0.533449 3.001343 1.000000 -0.463180 0.289876 2.992266 1.000000 -0.453090 0.061258 2.897835 1.000000 -0.437646 -0.036976 2.891493 1.000000 -0.047446 0.528927 3.053784 1.000000 -0.004673 0.260408 3.048301 1.000000 -0.001799 0.036340 2.980779 1.000000 -0.007152 -0.065652 2.960496 1.000000 -0.294912 0.137703 2.972363 1.000000 -0.347428 -0.384232 3.069331 1.000000 -0.369959 -0.761380 3.127780 1.000000 -0.409583 -0.828582 3.100865 1.000000 -0.141557 0.133807 2.992331 1.000000 -0.136887 -0.399168 3.093909 1.000000 -0.158420 -0.775570 3.173950 1.000000 -0.142490 -0.831968 3.095924 1.000000
6845169488 -0.218421 0.213110 2.989134 1.000000 -0.224857 0.280839 3.029258 1.000000 -0.221809 0.641433 3.015026 1.000000 -0.191240 0.833270 2.994629 1.000000 -0.390763 0.533483 3.001347 1.000000 -0.463513 0.290780 2.992231 1.000000 -0.450154 0.065201 2.896696 1.000000 -0.432012 -0.015641 2.879617 1.000000 -0.047876 0.528979 3.054670 1.000000 -0.004905 0.260060 3.048526 1.000000 -0.003917 0.044823 2.983889 1.000000 -0.011795 -0.057144 2.963909 1.000000 -0.294898 0.137695 2.972351 1.000000 -0.347699 -0.383419 3.068857 1.000000 -0.371157 -0.762463 3.126358 1.000000 -0.416403 -0.834146 3.101910 1.000000 -0.141567 0.133835 2.992482 1.000000 -0.136718 -0.398040 3.093162 1.000000 -0.158887 -0.773140 3.173885 1.000000 -0.142142 -0.826459 3.104607 1.000000
6845200655 -0.218450 0.213168 2.989154 1.000000 -0.224998 0.280862 3.029434 1.000000 -0.221860 0.641936 3.015867 1.000000 -0.191325 0.833509 2.994345 1.000000 -0.391071 0.533455 3.001758 1.000000 -0.464435 0.292391 2.992568 1.000000 -0.437264 0.088355 2.885985 1.000000 -0.420079 0.011150 2.867965 1.000000 -0.048083 0.529027 3.055777 1.000000 -0.004979 0.262001 3.049820 1.000000 -0.005420 0.065962 2.972480 1.000000 -0.021913 -0.031802 2.940282 1.000000 -0.294935 0.137725 2.972293 1.000000 -0.347693 -0.383427 3.068879 1.000000 -0.371563 -0.762489 3.126846 1.000000 -0.413202 -0.833180 3.103351 1.000000 -0.141566 0.133874 2.992473 1.000000 -0.137325 -0.398791 3.093457 1.000000 -0.158867 -0.773350 3.173870 1.000000 -0.142876 -0.828130 3.103975 1.000000
6845243281 -0.218503 0.213091 2.989312 1.000000 -0.225175 0.280670 3.029754 1.000000 -0.221800 0.641070 3.016313 1.000000 -0.191959 0.833277 2.996140 1.000000 -0.391084 0.533459 3.001752 1.000000 -0.474524 0.309192 2.989763 1.000000 -0.428955 0.124023 2.849325 1.000000 -0.406250 0.051971 2.816122 1.000000 -0.048360 0.529062 3.056605 1.000000 -0.005220 0.267033 3.049449 1.000000 -0.006087 0.075191 2.960299 1.000000 -0.026401 -0.022871 2.931170 1.000000 -0.294991 0.137683 2.972401 1.000000 -0.347922 -0.383542 3.068948 1.000000 -0.371277 -0.762040 3.126628 1.000000 -0.409922 -0.830091 3.111957 1.000000 -0.141576 0.133821 2.992542 1.000000 -0.137465 -0.398755 3.093563 1.000000 -0.158929 -0.773316 3.173860 1.000000 -0.142247 -0.830474 3.102416 1.000000
6845276386 -0.218697 0.213844 2.989362 1.000000 -0.225655 0.281284 3.029860 1.000000 -0.222737 0.641280 3.016150 1.000000 -0.193107 0.835580 3.002629 1.000000 -0.391365 0.533811 3.002966 1.000000 -0.480091 0.316660 2.985474 1.000000 -0.419426 0.150751 2.813997 1.000000 -0.394848 0.084682 2.782900 1.000000 -0.048208 0.530478 3.059454 1.000000 -0.001144 0.277010 3.046294 1.000000 -0.008529 0.102827 2.922535 1.000000 -0.033081 0.023987 2.898152 1.000000 -0.295138 0.138506 2.972046 1.000000 -0.347880 -0.383227 3.069017 1.000000 -0.371292 -0.761240 3.129549 1.000000 -0.408677 -0.827878 3.115041 1.000000 -0.141511 0.134206 2.992793 1.000000 -0.137461 -0.395925 3.093026 1.000000 -0.159077 -0.772902 3.174262 1.000000 -0.146698 -0.826300 3.113810 1.000000
6845309488 -0.218744 0.213930 2.989381 1.000000 -0.225612 0.281330 3.030080 1.000000 -0.222819 0.641468 3.016658 1.000000 -0.193187 0.835689 3.002584 1.000000 -0.391160 0.534090 3.005090 1.000000 -0.483698 0.328048 2.977456 1.000000 -0.417831 0.208775 2.809047 1.000000 -0.384065 0.146004 2.732856 1.000000 -0.048219 0.531031 3.060422 1.000000 0.010576 0.305461 3.035585 1.000000 -0.010963 0.135742 2.872760 1.000000 -0.050751 0.049927 2.843463 1.000000 -0.295212 0.138725 2.971892 1.000000 -0.348096 -0.384468 3.069837 1.000000 -0.371501 -0.761136 3.129627 1.000000 -0.409950 -0.828799 3.115393 1.000000 -0.141524 0.134233 2.992806 1.000000 -0.137663 -0.396601 3.093054 1.000000 -0.158752 -0.773790 3.174447 1.000000 -0.139986 -0.834080 3.097161 1.000000
6845343105 -0.219104 0.214044 2.989803 1.000000 -0.226225 0.281185 3.031198 1.000000 -0.224171 0.641893 3.019894 1.000000 -0.192198 0.835859 3.005963 1.000000 -0.391182 0.534047 3.005099 1.000000 -0.488751 0.343682 2.964037 1.000000 -0.432079 0.266622 2.767795 1.000000 -0.385697 0.222874 2.685158 1.000000 -0.048282 0.531012 3.060683 1.000000 0.014692 0.328338 3.032495 1.000000 -0.020660 0.161499 2.802447 1.000000 -0.056580 0.107311 2.760914 1.000000 -0.295410 0.138890 2.972033 1.000000 -0.347710 -0.383511 3.070123 1.000000 -0.371039 -0.760129 3.129492 1.000000 -0.408163 -0.827947 3.114510 1.000000 -0.141734 0.134246 2.992978 1.000000 -0.137419 -0.397053 3.093547 1.000000 -0.158306 -0.773565 3.173864 1.000000 -0.142925 -0.834269 3.096137 1.000000
6845386417 -0.219449 0.214315 2.991932 1.000000 -0.226493 0.281639 3.033742 1.000000 -0.223786 0.643218 3.021850 1.000000 -0.194834 0.839278 3.013735 1.000000 -0.391019 0.534126 3.005878 1.000000 -0.504395 0.361572 2.915840 1.000000 -0.412164 0.319512 2.698358 1.000000 -0.380895 0.305252 2.629296 1.000000 -0.048342 0.531243 3.060969 1.000000 0.026060 0.343842 2.992032 1.000000 0.007140 0.269338 2.787200 1.000000 -0.025921 0.222754 2.699855 1.000000 -0.295595 0.139235 2.973983 1.000000 -0.347462 -0.383304 3.070813 1.000000 -0.371443 -0.760143 3.128949 1.000000 -0.403480 -0.823443 3.105593 1.000000 -0.142339 0.134597 2.995107 1.000000 -0.137520 -0.397044 3.094183 1.000000 -0.158284 -0.773315 3.173464 1.000000 -0.142981 -0.834138 3.095809 1.000000
6845417649 -0.219827 0.214209 2.995902 1.000000 -0.227001 0.281595 3.038005 1.000000 -0.224686 0.643307 3.025260 1.000000 -0.197338 0.837588 3.009454 1.000000 -0.390193 0.537021 3.007841 1.000000 -0.503986 0.380578 2.886410 1.000000 -0.397022 0.384205 2.671820 1.000000 -0.361368 0.385415 2.604884 1.000000 -0.049850 0.531812 3.061930 1.000000 0.073059 0.350098 2.933416 1.000000 -0.007133 0.332600 2.707405 1.000000 -0.033864 0.326768 2.636662 1.000000 -0.295436 0.140020 2.978249 1.000000 -0.347416 -0.382146 3.071275 1.000000 -0.371431 -0.759659 3.129364 1.000000 -0.399235 -0.822069 3.101502 1.000000 -0.142877 0.135002 2.998854 1.000000 -0.137647 -0.397630 3.094296 1.000000 -0.158153 -0.774293 3.173489 1.000000 -0.142980 -0.831103 3.092817 1.000000
6845459487 -0.219785 0.212813 2.998244 1.000000 -0.227008 0.279415 3.042220 1.000000 -0.226015 0.643650 3.036018 1.000000 -0.196825 0.834329 3.009677 1.000000 -0.385781 0.535062 3.010986 1.000000 -0.490967 0.409180 2.835759 1.000000 -0.371078 0.464796 2.636733 1.000000 -0.330409 0.483662 2.573893 1.000000 -0.052816 0.537339 3.062659 1.000000 0.074258 0.358863 2.912247 1.000000 -0.016003 0.411820 2.696400 1.000000 -0.046622 0.429785 2.627854 1.000000 -0.294614 0.139366 2.980327 1.000000 -0.347365 -0.381890 3.071726 1.000000 -0.371291 -0.762275 3.130622 1.000000 -0.401246 -0.823098 3.101607 1.000000 -0.143184 0.135127 2.999782 1.000000 -0.137654 -0.396638 3.094151 1.000000 -0.158166 -0.774295 3.173490 1.000000 -0.148976 -0.823090 3.118963 1.000000
6845493419 -0.218960 0.211565 2.999369 1.000000 -0.227287 0.278530 3.044180 1.000000 -0.226623 0.644873 3.037801 1.000000 -0.196831 0.837080 3.017244 1.000000 -0.366344 0.511695 3.005038 1.000000 -0.483128 0.420296 2.825493 1.000000 -0.363841 0.519017 2.645084 1.000000 -0.323362 0.552517 2.588540 1.000000 -0.055102 0.542572 3.061774 1.000000 0.060516 0.395752 2.853332 1.000000 -0.039801 0.501372 2.664848 1.000000 -0.073843 0.537213 2.605565 1.000000 -0.292406 0.138831 2.982456 1.000000 -0.347252 -0.382138 3.071879 1.000000 -0.371377 -0.762186 3.130953 1.000000 -0.401719 -0.823328 3.103118 1.000000 -0.142986 0.135461 3.000044 1.000000 -0.137183 -0.394311 3.094380 1.000000 -0.158266 -0.774393 3.173616 1.000000 -0.147400 -0.824800 3.114704 1.000000
6845526626 -0.218876 0.222770 3.001565 1.000000 -0.226706 0.290067 3.047793 1.000000 -0.225035 0.658437 3.041321 1.000000 -0.194157 0.847813 3.012888 1.000000 -0.370974 0.511853 3.003930 1.000000 -0.469620 0.450262 2.807021 1.000000 -0.333496 0.575684 2.622751 1.000000 -0.293642 0.638158 2.601208 1.000000 -0.054595 0.562024 3.060702 1.000000 0.055756 0.441406 2.827936 1.000000 -0.060883 0.571289 2.648141 1.000000 -0.083184 0.636050 2.612586 1.000000 -0.294202 0.147551 2.984409 1.000000 -0.347125 -0.375321 3.068816 1.000000 -0.371888 -0.762361 3.131373 1.000000 -0.402424 -0.824343 3.105648 1.000000 -0.141045 0.149065 3.001221 1.000000 -0.136934 -0.393966 3.094268 1.000000 -0.158174 -0.774864 3.174417 1.000000 -0.146479 -0.822737 3.087689 1.000000
6845559589 -0.218977 0.222735 3.001527 1.000000 -0.227371 0.289356 3.048509 1.000000 -0.224725 0.654053 3.045016 1.000000 -0.196600 0.842751 3.013513 1.000000 -0.372254 0.512293 3.002705 1.000000 -0.470910 0.464834 2.801363 1.000000 -0.328481 0.608698 2.637791 1.000000 -0.291044 0.674599 2.623700 1.000000 -0.054651 0.558060 3.062846 1.000000 0.056519 0.457503 2.826820 1.000000 -0.072217 0.613105 2.648137 1.000000 -0.103270 0.674608 2.613553 1.000000 -0.295341 0.147823 2.984642 1.000000 -0.347317 -0.374201 3.068663 1.000000 -0.371781 -0.762144 3.131317 1.000000 -0.401874 -0.824301 3.105516 1.000000 -0.140801 0.149219 3.000088 1.000000 -0.136421 -0.393839 3.094581 1.000000 -0.158845 -0.775642 3.174299 1.000000 -0.146353 -0.829409 3.095981 1.000000
6845603960 -0.218511 0.225217 3.002321 1.000000 -0.230184 0.290489 3.049461 1.000000 -0.226753 0.652937 3.046746 1.000000 -0.200904 0.845024 3.023670 1.000000 -0.377953 0.554652 3.003350 1.000000 -0.470555 0.493214 2.803052 1.000000 -0.303589 0.668701 2.654970 1.000000 -0.270089 0.727645 2.618303 1.000000 -0.090088 0.613770 3.079575 1.000000 0.039563 0.523128 2.823348 1.000000 -0.066621 0.642902 2.672191 1.000000 -0.106729 0.684887 2.621499 1.000000 -0.290556 0.154982 2.984536 1.000000 -0.347037 -0.374029 3.068405 1.000000 -0.372137 -0.762444 3.130766 1.000000 -0.401910 -0.825116 3.105880 1.000000 -0.142595 0.158053 3.002733 1.000000 -0.135898 -0.392771 3.094366 1.000000 -0.158768 -0.775771 3.174541 1.000000 -0.146560 -0.829443 3.097716 1.000000
6845636779 -0.218850 0.225245 3.002272 1.000000 -0.225360 0.290451 3.050929 1.000000 -0.226960 0.653021 3.046319 1.000000 -0.200563 0.846216 3.027616 1.000000 -0.378826 0.557675 3.004358 1.000000 -0.447021 0.545410 2.781044 1.000000 -0.308005 0.671702 2.658052 1.000000 -0.273624 0.738115 2.639649 1.000000 -0.074158 0.552734 3.038549 1.000000 0.050462 0.537819 2.820446 1.000000 -0.108592 0.706859 2.652905 1.000000 -0.149412 0.755183 2.608974 1.000000 -0.291596 0.155474 2.983595 1.000000 -0.347074 -0.373625 3.068151 1.000000 -0.372426 -0.762027 3.130749 1.000000 -0.402227 -0.824895 3.106424 1.000000 -0.143171 0.157425 3.003326 1.000000 -0.135907 -0.392799 3.094379 1.000000 -0.159131 -0.775780 3.174624 1.000000 -0.146845 -0.829773 3.095655 1.000000
6845669779 -0.218752 0.225946 3.002695 1.000000 -0.225505 0.291351 3.052024 1.000000 -0.227506 0.655771 3.046787 1.000000 -0.199232 0.851412 3.038409 1.000000 -0.380451 0.562771 3.004673 1.000000 -0.447510 0.548341 2.782016 1.000000 -0.293213 0.722168 2.653986 1.000000 -0.239352 0.771033 2.628710 1.000000 -0.074848 0.556946 3.039702 1.000000 0.060082 0.553431 2.830305 1.000000 -0.095125 0.715875 2.664536 1.000000 -0.135932 0.764184 2.620618 1.000000 -0.291547 0.156157 2.983047 1.000000 -0.346281 -0.377420 3.068603 1.000000 -0.373412 -0.762491 3.132849 1.000000 -0.402023 -0.824472 3.105087 1.000000 -0.142779 0.158006 3.005476 1.000000 -0.135745 -0.392876 3.094299 1.000000 -0.159103 -0.775974 3.174680 1.000000 -0.146675 -0.829248 3.097570 1.000000
6845702779 -0.219216 0.227437 3.002323 1.000000 -0.226612 0.293923 3.051918 1.000000 -0.230333 0.663620 3.042349 1.000000 -0.197477 0.859862 3.040150 1.000000 -0.381485 0.564089 3.005157 1.000000 -0.461449 0.563549 2.788621 1.000000 -0.294571 0.728866 2.653260 1.000000 -0.246882 0.787474 2.638808 1.000000 -0.071829 0.560122 3.043242 1.000000 0.072261 0.570059 2.843688 1.000000 -0.085341 0.732551 2.674303 1.000000 -0.126115 0.780821 2.630421 1.000000 -0.291994 0.156711 2.982170 1.000000 -0.346275 -0.377663 3.068545 1.000000 -0.373666 -0.762705 3.133210 1.000000 -0.401910 -0.824424 3.104605 1.000000 -0.142901 0.158494 3.005687 1.000000 -0.135745 -0.391962 3.093525 1.000000 -0.159017 -0.775129 3.174538 1.000000 -0.148850 -0.822822 3.119337 1.000000
6845734704 -0.219476 0.227614 3.001681 1.000000 -0.227181 0.294129 3.051619 1.000000 -0.231414 0.663424 3.040862 1.000000 -0.198962 0.859846 3.039663 1.000000 -0.381707 0.563742 3.006489 1.000000 -0.472537 0.572180 2.795157 1.000000 -0.341553 0.755371 2.655936 1.000000 -0.291049 0.813246 2.653752 1.000000 -0.066520 0.565763 3.046955 1.000000 0.094709 0.601587 2.852246 1.000000 -0.069712 0.769450 2.689495 1.000000 -0.116783 0.810233 2.644485 1.000000 -0.292343 0.156879 2.981860 1.000000 -0.346483 -0.376946 3.068200 1.000000 -0.366684 -0.756824 3.134624 1.000000 -0.402011 -0.821158 3.105364 1.000000 -0.142805 0.157583 3.004148 1.000000 -0.135501 -0.391953 3.093644 1.000000 -0.158886 -0.773608 3.175470 1.000000 -0.142350 -0.821725 3.100350 1.000000
6845766330 -0.219303 0.228294 3.001140 1.000000 -0.227900 0.294375 3.051481 1.000000 -0.227140 0.659233 3.040048 1.000000 -0.200095 0.856241 3.038504 1.000000 -0.382896 0.560875 3.006683 1.000000 -0.500061 0.593168 2.790172 1.000000 -0.351709 0.778835 2.658736 1.000000 -0.310894 0.843529 2.665187 1.000000 -0.054382 0.559477 3.055473 1.000000 0.105587 0.613245 2.863965 1.000000 -0.018555 0.785645 2.702809 1.000000 -0.067747 0.838809 2.677383 1.000000 -0.292906 0.157121 2.981288 1.000000 -0.346490 -0.376887 3.068183 1.000000 -0.367784 -0.758911 3.133728 1.000000 -0.403979 -0.822983 3.080343 1.000000 -0.142210 0.156834 3.003059 1.000000 -0.135527 -0.392090 3.093617 1.000000 -0.158976 -0.773599 3.175372 1.000000 -0.143608 -0.825718 3.094937 1.000000
6845819347 -0.219203 0.228690 3.000766 1.000000 -0.227837 0.294646 3.051430 1.000000 -0.224180 0.657956 3.039147 1.000000 -0.202659 0.854320 3.032918 1.000000 -0.383077 0.560791 3.006718 1.000000 -0.515623 0.607558 2.791852 1.000000 -0.420654 0.803223 2.683277 1.000000 -0.381836 0.870605 2.677418 1.000000 -0.052620 0.557722 3.057046 1.000000 0.120162 0.624591 2.887412 1.000000 0.056519 0.784668 2.751637 1.000000 0.000815 0.861675 2.709715 1.000000 -0.293069 0.157149 2.981157 1.000000 -0.346443 -0.376746 3.068275 1.000000 -0.368989 -0.759059 3.132855 1.000000 -0.403052 -0.818927 3.102140 1.000000 -0.142213 0.156500 3.002236 1.000000 -0.135524 -0.392088 3.093611 1.000000 -0.158908 -0.773624 3.175086 1.000000 -0.146700 -0.825699 3.110787 1.000000
6845850658 -0.218992 0.228777 3.000283 1.000000 -0.227371 0.294932 3.050799 1.000000 -0.223086 0.657107 3.035846 1.000000 -0.200863 0.852903 3.027395 1.000000 -0.382870 0.560853 3.006437 1.000000 -0.538790 0.612009 2.810778 1.000000 -0.465172 0.862868 2.702094 1.000000 -0.434992 0.933288 2.698070 1.000000 -0.049906 0.560047 3.056795 1.000000 0.145474 0.635517 2.926704 1.000000 0.096008 0.834473 2.767262 1.000000 0.047452 0.912404 2.718857 1.000000 -0.293029 0.157087 2.981204 1.000000 -0.346624 -0.376137 3.068703 1.000000 -0.368792 -0.759025 3.132081 1.000000 -0.402874 -0.818892 3.102091 1.000000 -0.142012 0.155558 3.000660 1.000000 -0.135353 -0.393846 3.094294 1.000000 -0.158764 -0.774386 3.174625 1.000000 -0.139888 -0.831495 3.095141 1.000000
6845882582 -0.218960 0.229400 2.999731 1.000000 -0.227130 0.295545 3.050022 1.000000 -0.222504 0.655944 3.033161 1.000000 -0.200292 0.850621 3.020230 1.000000 -0.384137 0.561173 3.005084 1.000000 -0.562035 0.618317 2.811821 1.000000 -0.536875 0.804572 2.714761 1.000000 -0.506088 0.902648 2.700688 1.000000 -0.047936 0.560375 3.055339 1.000000 0.147182 0.635945 2.929382 1.000000 0.125130 0.871753 2.769789 1.000000 0.089111 0.934356 2.744012 1.000000 -0.293219 0.157123 2.980979 1.000000 -0.346978 -0.375970 3.068624 1.000000 -0.368484 -0.758938 3.131442 1.000000 -0.409994 -0.827493 3.112461 1.000000 -0.141948 0.155295 3.000409 1.000000 -0.135739 -0.394296 3.094623 1.000000 -0.158616 -0.774527 3.173659 1.000000 -0.139254 -0.830037 3.093121 1.000000
6845926572 -0.218702 0.231311 2.998607 1.000000 -0.226411 0.297479 3.048147 1.000000 -0.220273 0.655886 3.028677 1.000000 -0.197975 0.851788 3.020097 1.000000 -0.386139 0.561569 3.003856 1.000000 -0.584832 0.622068 2.823382 1.000000 -0.568901 0.805988 2.719092 1.000000 -0.550590 0.907566 2.708170 1.000000 -0.045774 0.561558 3.054146 1.000000 0.172904 0.650162 2.949185 1.000000 0.180664 0.858887 2.812183 1.000000 0.164429 0.940430 2.775074 1.000000 -0.293624 0.157440 2.980437 1.000000 -0.346904 -0.375866 3.068846 1.000000 -0.368767 -0.758869 3.130930 1.000000 -0.409638 -0.826322 3.111539 1.000000 -0.141783 0.155414 3.000185 1.000000 -0.135634 -0.394197 3.094541 1.000000 -0.158467 -0.774949 3.173845 1.000000 -0.147907 -0.833510 3.130409 1.000000
6845959556 -0.218610 0.232594 2.997295 1.000000 -0.226111 0.298598 3.046033 1.000000 -0.218983 0.654677 3.025561 1.000000 -0.198395 0.851586 3.020030 1.000000 -0.388787 0.561813 3.001679 1.000000 -0.599197 0.619912 2.828037 1.000000 -0.621582 0.802734 2.722339 1.000000 -0.610352 0.885742 2.716479 1.000000 -0.042665 0.561672 3.053655 1.000000 0.182373 0.621094 2.991966 1.000000 0.232178 0.855469 2.843432 1.000000 0.229099 0.923999 2.809167 1.000000 -0.294355 0.157636 2.979869 1.000000 -0.346940 -0.375994 3.068634 1.000000 -0.369180 -0.758861 3.130713 1.000000 -0.404026 -0.819641 3.102515 1.000000 -0.141202 0.155128 2.998656 1.000000 -0.135998 -0.394686 3.095129 1.000000 -0.158422 -0.775121 3.173830 1.000000 -0.144320 -0.829722 3.095430 1.000000
6845992655 -0.217778 0.234509 2.995873 1.000000 -0.225061 0.300498 3.043648 1.000000 -0.217307 0.655451 3.022891 1.000000 -0.195002 0.853274 3.021922 1.000000 -0.390426 0.561749 2.999901 1.000000 -0.608398 0.574707 2.878684 1.000000 -0.664146 0.783871 2.737816 1.000000 -0.668457 0.867676 2.718432 1.000000 -0.041088 0.562181 3.053385 1.000000 0.188004 0.613222 2.994589 1.000000 0.271973 0.818848 2.851244 1.000000 0.281494 0.896973 2.821947 1.000000 -0.294456 0.158158 2.978285 1.000000 -0.346939 -0.376009 3.068615 1.000000 -0.369476 -0.759015 3.130705 1.000000 -0.404914 -0.820514 3.103321 1.000000 -0.140517 0.155430 2.998286 1.000000 -0.136023 -0.394662 3.095129 1.000000 -0.158367 -0.774733 3.173624 1.000000 -0.143922 -0.828848 3.092558 1.000000
6846036799 -0.217628 0.234854 2.995245 1.000000 -0.224698 0.301118 3.041940 1.000000 -0.217445 0.655639 3.020136 1.000000 -0.193725 0.853655 3.020480 1.000000 -0.390386 0.561384 2.999037 1.000000 -0.616445 0.562328 2.892300 1.000000 -0.712891 0.721191 2.761400 1.000000 -0.738770 0.812500 2.741869 1.000000 -0.039248 0.561739 3.052322 1.000000 0.197399 0.596761 3.007336 1.000000 0.316895 0.753906 2.898119 1.000000 0.343262 0.846191 2.859056 1.000000 -0.294550 0.158252 2.977594 1.000000 -0.346969 -0.375915 3.068440 1.000000 -0.368757 -0.760570 3.129490 1.000000 -0.403988 -0.820153 3.101202 1.000000 -0.140223 0.155263 2.998045 1.000000 -0.136092 -0.394402 3.095130 1.000000 -0.158676 -0.775417 3.174150 1.000000 -0.144006 -0.829440 3.091673 1.000000
6846068379 -0.217379 0.235027 2.994687 1.000000 -0.224433 0.301525 3.040172 1.000000 -0.217086 0.655558 3.017726 1.000000 -0.191935 0.852402 3.013097 1.000000 -0.391560 0.559564 2.996669 1.000000 -0.619141 0.506348 2.929464 1.000000 -0.762207 0.677734 2.778978 1.000000 -0.802238 0.738226 2.754070 1.000000 -0.038319 0.561354 3.052020 1.000000 0.210449 0.551758 3.025167 1.000000 0.385986 0.729492 2.898118 1.000000 0.418879 0.793243 2.870991 1.000000 -0.294614 0.158064 2.976997 1.000000 -0.346927 -0.376049 3.068406 1.000000 -0.369473 -0.759996 3.129380 1.000000 -0.401825 -0.818937 3.094691 1.000000 -0.139642 0.154857 2.997727 1.000000 -0.136119 -0.394151 3.095131 1.000000 -0.158568 -0.774868 3.173871 1.000000 -0.144874 -0.830213 3.092094 1.000000
6846099994 -0.217249 0.234581 2.993925 1.000000 -0.224056 0.301244 3.038372 1.000000 -0.216974 0.655676 3.016272 1.000000 -0.191131 0.852806 3.012899 1.000000 -0.391155 0.558494 2.995822 1.000000 -0.625607 0.492606 2.930542 1.000000 -0.799805 0.625000 2.767259 1.000000 -0.850494 0.675690 2.740225 1.000000 -0.037317 0.557796 3.050406 1.000000 0.200904 0.526051 3.037265 1.000000 0.407471 0.655762 2.923509 1.000000 0.458640 0.704995 2.894744 1.000000 -0.294649 0.157353 2.976075 1.000000 -0.346951 -0.376008 3.068388 1.000000 -0.370197 -0.760323 3.127766 1.000000 -0.405751 -0.824121 3.097974 1.000000 -0.139412 0.154098 2.997237 1.000000 -0.136343 -0.393738 3.095135 1.000000 -0.156472 -0.773071 3.171737 1.000000 -0.144516 -0.830741 3.091291 1.000000
6846142616 -0.217149 0.233858 2.992981 1.000000 -0.223872 0.300615 3.036368 1.000000 -0.217105 0.655035 3.014540 1.000000 -0.191315 0.851859 3.009416 1.000000 -0.392439 0.556379 2.994860 1.000000 -0.617188 0.444336 2.958761 1.000000 -0.769531 0.521606 2.811205 1.000000 -0.838379 0.566895 2.751635 1.000000 -0.037842 0.555713 3.049962 1.000000 0.194305 0.494895 3.044861 1.000000 0.383362 0.540288 2.964158 1.000000 0.461024 0.592802 2.919780 1.000000 -0.294874 0.155939 2.974870 1.000000 -0.347004 -0.375965 3.068246 1.000000 -0.369321 -0.759620 3.130268 1.000000 -0.404851 -0.822939 3.099467 1.000000 -0.139035 0.153136 2.996584 1.000000 -0.136214 -0.393032 3.094620 1.000000 -0.156462 -0.773061 3.171736 1.000000 -0.146644 -0.822545 3.115698 1.000000
6846176541 -0.217072 0.232515 2.991666 1.000000 -0.223835 0.299478 3.034260 1.000000 -0.217441 0.654687 3.013394 1.000000 -0.191462 0.850415 3.003550 1.000000 -0.392200 0.552407 2.993943 1.000000 -0.583984 0.415527 2.988059 1.000000 -0.745117 0.427246 2.839526 1.000000 -0.817890 0.451106 2.769536 1.000000 -0.037993 0.553584 3.050020 1.000000 0.183837 0.455794 3.055433 1.000000 0.407227 0.488281 2.968432 1.000000 0.470121 0.510386 2.930537 1.000000 -0.294859 0.154177 2.973135 1.000000 -0.346985 -0.376108 3.068336 1.000000 -0.370819 -0.760244 3.131532 1.000000 -0.403712 -0.822322 3.098785 1.000000 -0.138808 0.151781 2.995807 1.000000 -0.135945 -0.392313 3.093832 1.000000 -0.156514 -0.773034 3.171821 1.000000 -0.147370 -0.822978 3.117517 1.000000
6846209469 -0.216568 0.229036 2.989958 1.000000 -0.223037 0.296654 3.031930 1.000000 -0.217220 0.654102 3.011972 1.000000 -0.191425 0.850232 3.003355 1.000000 -0.390851 0.545253 2.994561 1.000000 -0.579078 0.394265 2.993294 1.000000 -0.743652 0.356445 2.833667 1.000000 -0.807129 0.353516 2.773120 1.000000 -0.037182 0.547309 3.048698 1.000000 0.164639 0.433220 3.053183 1.000000 0.397461 0.395508 2.960620 1.000000 0.478760 0.407715 2.941089 1.000000 -0.294653 0.150551 2.971605 1.000000 -0.346942 -0.376154 3.068204 1.000000 -0.371027 -0.760518 3.131268 1.000000 -0.407706 -0.824840 3.096446 1.000000 -0.138037 0.148128 2.994447 1.000000 -0.135837 -0.392582 3.094134 1.000000 -0.156394 -0.773088 3.171694 1.000000 -0.146745 -0.827983 3.112025 1.000000
6846253546 -0.216287 0.227796 2.989137 1.000000 -0.222325 0.295556 3.030339 1.000000 -0.216901 0.653286 3.010302 1.000000 -0.192058 0.850046 3.003373 1.000000 -0.392197 0.539781 2.996243 1.000000 -0.557922 0.359430 2.995625 1.000000 -0.693116 0.256824 2.865770 1.000000 -0.765610 0.228238 2.797230 1.000000 -0.036743 0.545324 3.048216 1.000000 0.141724 0.381592 3.050561 1.000000 0.393799 0.300781 2.968433 1.000000 0.467993 0.291507 2.951312 1.000000 -0.294829 0.148543 2.971394 1.000000 -0.346591 -0.376964 3.068707 1.000000 -0.372259 -0.761478 3.132762 1.000000 -0.404739 -0.823836 3.098937 1.000000 -0.137208 0.146573 2.993040 1.000000 -0.135877 -0.392434 3.093647 1.000000 -0.156464 -0.773193 3.171806 1.000000 -0.146193 -0.826830 3.112192 1.000000
6846284820 -0.216050 0.226626 2.988777 1.000000 -0.222005 0.294633 3.029479 1.000000 -0.217028 0.653169 3.010238 1.000000 -0.192629 0.850002 3.003015 1.000000 -0.392137 0.538418 2.995798 1.000000 -0.541276 0.339992 2.994406 1.000000 -0.637952 0.192456 2.874908 1.000000 -0.691550 0.130645 2.810936 1.000000 -0.036423 0.542725 3.046807 1.000000 0.117260 0.344204 3.050562 1.000000 0.313843 0.227112 2.985036 1.000000 0.403131 0.178373 2.964107 1.000000 -0.294691 0.147261 2.970693 1.000000 -0.346818 -0.377043 3.068477 1.000000 -0.371920 -0.761499 3.132576 1.000000 -0.402405 -0.821834 3.098064 1.000000 -0.136609 0.144968 2.993002 1.000000 -0.135845 -0.392303 3.093496 1.000000 -0.155988 -0.773233 3.173062 1.000000 -0.146430 -0.826522 3.113168 1.000000
6846327473 -0.215892 0.223711 2.987438 1.000000 -0.222011 0.291833 3.027315 1.000000 -0.219224 0.650291 3.007598 1.000000 -0.193979 0.845763 2.995183 1.000000 -0.391019 0.534198 2.994549 1.000000 -0.519751 0.318935 2.998598 1.000000 -0.593262 0.152710 2.880544 1.000000 -0.621582 0.080994 2.818044 1.000000 -0.037407 0.537531 3.044672 1.000000 0.103760 0.339604 3.047395 1.000000 0.261963 0.169556 2.987966 1.000000 0.326904 0.107239 2.966481 1.000000 -0.294260 0.144941 2.969829 1.000000 -0.346667 -0.376643 3.068600 1.000000 -0.369267 -0.760318 3.129817 1.000000 -0.393222 -0.819242 3.092753 1.000000 -0.136213 0.142850 2.992011 1.000000 -0.135427 -0.389514 3.091340 1.000000 -0.156131 -0.772172 3.175402 1.000000 -0.146013 -0.822676 3.120149 1.000000
6846360332 -0.216262 0.218658 2.986726 1.000000 -0.222204 0.288155 3.026365 1.000000 -0.219312 0.650247 3.007684 1.000000 -0.196945 0.847464 3.000379 1.000000 -0.389916 0.532160 2.993917 1.000000 -0.496344 0.305897 2.993707 1.000000 -0.542969 0.120911 2.864920 1.000000 -0.555664 0.041626 2.823904 1.000000 -0.040194 0.533840 3.042728 1.000000 0.068742 0.307679 3.042865 1.000000 0.208374 0.121704 2.987967 1.000000 0.264404 0.043365 2.962576 1.000000 -0.294101 0.142097 2.970023 1.000000 -0.346698 -0.377359 3.068746 1.000000 -0.370392 -0.761167 3.131131 1.000000 -0.411121 -0.831430 3.073411 1.000000 -0.137065 0.139017 2.990460 1.000000 -0.135248 -0.390988 3.090988 1.000000 -0.156143 -0.772490 3.175034 1.000000 -0.147667 -0.830482 3.106147 1.000000
6846393262 -0.215973 0.217437 2.985963 1.000000 -0.221793 0.286881 3.025481 1.000000 -0.218954 0.649799 3.008102 1.000000 -0.196629 0.847545 3.002681 1.000000 -0.389662 0.530923 2.993201 1.000000 -0.475408 0.304953 2.991312 1.000000 -0.489258 0.121277 2.868827 1.000000 -0.493004 0.028600 2.822005 1.000000 -0.041859 0.532610 3.041359 1.000000 0.046134 0.295309 3.035638 1.000000 0.151855 0.080078 2.964530 1.000000 0.181003 0.014287 2.937704 1.000000 -0.293721 0.141094 2.969693 1.000000 -0.346522 -0.377460 3.068688 1.000000 -0.369362 -0.758776 3.129567 1.000000 -0.402974 -0.820565 3.085638 1.000000 -0.137048 0.138113 2.988725 1.000000 -0.135385 -0.391063 3.091006 1.000000 -0.156142 -0.772409 3.175056 1.000000 -0.150400 -0.827913 3.115310 1.000000
6846426383 -0.215781 0.216519 2.986042 1.000000 -0.221730 0.286089 3.025534 1.000000 -0.219151 0.650479 3.009835 1.000000 -0.195575 0.849242 3.009353 1.000000 -0.388330 0.531058 2.992949 1.000000 -0.454830 0.294088 2.989094 1.000000 -0.447596 0.111681 2.851976 1.000000 -0.431885 0.023941 2.810234 1.000000 -0.042652 0.532370 3.041503 1.000000 0.028570 0.291392 3.032862 1.000000 0.097290 0.064209 2.927422 1.000000 0.114624 -0.019531 2.896172 1.000000 -0.293018 0.140415 2.969770 1.000000 -0.346349 -0.377520 3.068760 1.000000 -0.369728 -0.758204 3.125283 1.000000 -0.403659 -0.824723 3.094214 1.000000 -0.137167 0.137867 2.988655 1.000000 -0.135361 -0.390897 3.090902 1.000000 -0.156268 -0.772296 3.174787 1.000000 -0.149391 -0.825676 3.115682 1.000000
6846470262 -0.215042 0.215483 2.985502 1.000000 -0.221279 0.285077 3.025209 1.000000 -0.218903 0.650297 3.010457 1.000000 -0.194629 0.849368 3.011508 1.000000 -0.386204 0.531207 2.991810 1.000000 -0.442094 0.289082 2.978065 1.000000 -0.404351 0.111122 2.858606 1.000000 -0.386475 0.047760 2.810236 1.000000 -0.043875 0.531495 3.041329 1.000000 0.006032 0.277839 3.032956 1.000000 0.034119 0.094849 2.909845 1.000000 0.026797 0.003604 2.860518 1.000000 -0.291311 0.139710 2.968831 1.000000 -0.346300 -0.377500 3.068731 1.000000 -0.369748 -0.757613 3.126022 1.000000 -0.402672 -0.823357 3.096329 1.000000 -0.137064 0.137602 2.988286 1.000000 -0.135320 -0.390884 3.091020 1.000000 -0.156295 -0.772119 3.174546 1.000000 -0.148599 -0.825271 3.115322 1.000000
6846501598 -0.214370 0.214950 2.984111 1.000000 -0.221084 0.284412 3.024343 1.000000 -0.219593 0.650072 3.010548 1.000000 -0.192405 0.846413 3.001008 1.000000 -0.385308 0.531146 2.992058 1.000000 -0.438202 0.293161 2.974600 1.000000 -0.381472 0.138613 2.837363 1.000000 -0.356445 0.087341 2.794611 1.000000 -0.044575 0.531865 3.042505 1.000000 -0.001283 0.282770 3.033794 1.000000 -0.016350 0.096939 2.872736 1.000000 -0.030931 0.033005 2.832712 1.000000 -0.289394 0.139379 2.965986 1.000000 -0.346208 -0.378000 3.068421 1.000000 -0.369733 -0.756905 3.126358 1.000000 -0.399493 -0.820445 3.079908 1.000000 -0.136608 0.137436 2.987233 1.000000 -0.135279 -0.391099 3.091185 1.000000 -0.157349 -0.772475 3.175009 1.000000 -0.140965 -0.831486 3.101491 1.000000
6846543275 -0.214177 0.214240 2.982983 1.000000 -0.220980 0.283287 3.024076 1.000000 -0.219595 0.648215 3.012518 1.000000 -0.194448 0.844944 3.003190 1.000000 -0.384843 0.531157 2.992214 1.000000 -0.434422 0.300549 2.968261 1.000000 -0.379958 0.140711 2.836879 1.000000 -0.347250 0.105930 2.790807 1.000000 -0.044690 0.531830 3.042614 1.000000 -0.006759 0.287756 3.028443 1.000000 -0.016822 0.126902 2.886721 1.000000 -0.044563 0.060728 2.811533 1.000000 -0.289085 0.138795 2.964553 1.000000 -0.346275 -0.382219 3.069401 1.000000 -0.369587 -0.757491 3.129348 1.000000 -0.404708 -0.827758 3.074528 1.000000 -0.136586 0.136899 2.985155 1.000000 -0.135217 -0.390860 3.091194 1.000000 -0.156944 -0.772179 3.175066 1.000000 -0.141840 -0.827526 3.106288 1.000000
6846576366 -0.213799 0.213904 2.982417 1.000000 -0.220811 0.282728 3.024365 1.000000 -0.219072 0.648080 3.014036 1.000000 -0.197110 0.847255 3.013389 1.000000 -0.383719 0.531478 2.991824 1.000000 -0.433559 0.306612 2.964690 1.000000 -0.373036 0.151777 2.829685 1.000000 -0.300167 0.110531 2.768133 1.000000 -0.044770 0.531825 3.042703 1.000000 -0.007191 0.306560 3.030040 1.000000 -0.044474 0.158599 2.878239 1.000000 -0.092102 0.089417 2.769222 1.000000 -0.288314 0.138698 2.963242 1.000000 -0.345984 -0.381781 3.068999 1.000000 -0.369915 -0.757477 3.129458 1.000000 -0.402635 -0.822542 3.084594 1.000000 -0.136488 0.136712 2.984659 1.000000 -0.135295 -0.390689 3.090861 1.000000 -0.156840 -0.772045 3.174795 1.000000 -0.146986 -0.826932 3.114411 1.000000
6846610248 -0.213553 0.213781 2.982507 1.000000 -0.220664 0.282504 3.024969 1.000000 -0.218954 0.648048 3.014094 1.000000 -0.196162 0.847486 3.014913 1.000000 -0.382918 0.531868 2.992369 1.000000 -0.432437 0.308582 2.962775 1.000000 -0.372168 0.171539 2.807913 1.000000 -0.301623 0.119287 2.752317 1.000000 -0.044813 0.532435 3.043500 1.000000 -0.007299 0.310911 3.027219 1.000000 -0.053594 0.170448 2.859449 1.000000 -0.114197 0.131714 2.794614 1.000000 -0.287760 0.138717 2.963843 1.000000 -0.345984 -0.381776 3.068975 1.000000 -0.374343 -0.761959 3.134684 1.000000 -0.406490 -0.824650 3.083767 1.000000 -0.136427 0.136676 2.984617 1.000000 -0.135379 -0.391364 3.091152 1.000000 -0.155715 -0.771825 3.172907 1.000000 -0.144174 -0.831484 3.101172 1.000000
6846643444 -0.213257 0.213743 2.982626 1.000000 -0.220529 0.282258 3.025792 1.000000 -0.218710 0.648578 3.015751 1.000000 -0.196186 0.847996 3.016041 1.000000 -0.382232 0.532171 2.992793 1.000000 -0.433214 0.311770 2.959855 1.000000 -0.369297 0.177217 2.804259 1.000000 -0.299649 0.123920 2.748544 1.000000 -0.044878 0.532609 3.044437 1.000000 -0.006266 0.312402 3.024019 1.000000 -0.062179 0.170633 2.845990 1.000000 -0.112142 0.134282 2.786398 1.000000 -0.287223 0.138831 2.963896 1.000000 -0.346011 -0.381941 3.068910 1.000000 -0.374371 -0.761038 3.133703 1.000000 -0.402290 -0.821936 3.090028 1.000000 -0.136335 0.136682 2.984660 1.000000 -0.135133 -0.393012 3.091179 1.000000 -0.155755 -0.772220 3.173169 1.000000 -0.144764 -0.832204 3.100255 1.000000
6846687428 -0.212644 0.213247 2.982949 1.000000 -0.220108 0.281611 3.026694 1.000000 -0.218542 0.648139 3.016112 1.000000 -0.195506 0.847376 3.015544 1.000000 -0.381546 0.532239 2.993146 1.000000 -0.434260 0.313638 2.956093 1.000000 -0.351081 0.195491 2.796000 1.000000 -0.269199 0.156125 2.745611 1.000000 -0.044666 0.532153 3.045246 1.000000 -0.005988 0.313272 3.023309 1.000000 -0.065998 0.172255 2.833793 1.000000 -0.110451 0.144047 2.769560 1.000000 -0.286221 0.138346 2.964421 1.000000 -0.346137 -0.382196 3.068834 1.000000 -0.373371 -0.759825 3.133150 1.000000 -0.401705 -0.821587 3.094723 1.000000 -0.136060 0.136419 2.984823 1.000000 -0.135484 -0.393753 3.090944 1.000000 -0.156090 -0.773512 3.172583 1.000000 -0.140502 -0.833935 3.094902 1.000000
6846719950 -0.212611 0.213023 2.983556 1.000000 -0.220083 0.281165 3.027942 1.000000 -0.218380 0.647482 3.017211 1.000000 -0.195765 0.846572 3.017069 1.000000 -0.381306 0.532238 2.993592 1.000000 -0.434405 0.313741 2.954457 1.000000 -0.351166 0.194636 2.795238 1.000000 -0.293457 0.152832 2.753604 1.000000 -0.044710 0.532219 3.045300 1.000000 -0.005461 0.314743 3.020200 1.000000 -0.063278 0.178983 2.836851 1.000000 -0.109857 0.146363 2.762761 1.000000 -0.286063 0.138190 2.965164 1.000000 -0.346119 -0.382274 3.068798 1.000000 -0.373363 -0.759453 3.132920 1.000000 -0.401522 -0.820873 3.097059 1.000000 -0.136253 0.136284 2.985283 1.000000 -0.135525 -0.394965 3.091316 1.000000 -0.155832 -0.773338 3.173147 1.000000 -0.142592 -0.834102 3.095280 1.000000
6846751113 -0.212487 0.212966 2.983930 1.000000 -0.219874 0.280916 3.029032 1.000000 -0.217875 0.647397 3.018488 1.000000 -0.194342 0.846023 3.017931 1.000000 -0.380871 0.532433 2.995579 1.000000 -0.435138 0.314309 2.953129 1.000000 -0.352001 0.194300 2.794657 1.000000 -0.291833 0.153989 2.753213 1.000000 -0.044765 0.532357 3.046278 1.000000 -0.005384 0.314752 3.020168 1.000000 -0.060976 0.183663 2.843616 1.000000 -0.108575 0.146841 2.763568 1.000000 -0.285906 0.138192 2.965416 1.000000 -0.346204 -0.382085 3.068742 1.000000 -0.372028 -0.758676 3.131168 1.000000 -0.401534 -0.820222 3.097627 1.000000 -0.136313 0.136236 2.985627 1.000000 -0.135870 -0.396001 3.091612 1.000000 -0.155806 -0.773329 3.173162 1.000000 -0.143310 -0.832766 3.094149 1.000000
6846794217 -0.212371 0.213002 2.984111 1.000000 -0.220021 0.280829 3.029713 1.000000 -0.217914 0.647177 3.018686 1.000000 -0.194259 0.845441 3.017799 1.000000 -0.380721 0.532526 2.996296 1.000000 -0.436006 0.315406 2.951978 1.000000 -0.352245 0.194417 2.794748 1.000000 -0.306866 0.149629 2.739638 1.000000 -0.044340 0.533169 3.048405 1.000000 -0.005214 0.316271 3.021126 1.000000 -0.044667 0.189090 2.850818 1.000000 -0.091575 0.144012 2.769793 1.000000 -0.285719 0.138242 2.965672 1.000000 -0.346153 -0.382302 3.068821 1.000000 -0.371760 -0.758243 3.131120 1.000000 -0.401309 -0.819840 3.098872 1.000000 -0.136258 0.136241 2.985731 1.000000 -0.135883 -0.396098 3.091489 1.000000 -0.155831 -0.773252 3.173302 1.000000 -0.143753 -0.830640 3.092714 1.000000
6846827413 -0.212359 0.213259 2.984525 1.000000 -0.220032 0.280979 3.030606 1.000000 -0.217538 0.647376 3.019173 1.000000 -0.195586 0.846214 3.021511 1.000000 -0.380448 0.533004 2.996985 1.000000 -0.437356 0.318542 2.952230 1.000000 -0.354180 0.195115 2.796816 1.000000 -0.307085 0.148836 2.738311 1.000000 -0.044073 0.533295 3.049134 1.000000 -0.005467 0.317949 3.022363 1.000000 -0.052937 0.188390 2.842122 1.000000 -0.105482 0.147219 2.762440 1.000000 -0.285774 0.138474 2.966006 1.000000 -0.346180 -0.381865 3.068919 1.000000 -0.371975 -0.759554 3.130721 1.000000 -0.409921 -0.825343 3.082065 1.000000 -0.136370 0.136467 2.986196 1.000000 -0.135932 -0.395925 3.091347 1.000000 -0.156425 -0.773214 3.173841 1.000000 -0.145523 -0.826550 3.105669 1.000000
6846860310 -0.212277 0.213447 2.984667 1.000000 -0.220078 0.281109 3.031182 1.000000 -0.217569 0.647727 3.019337 1.000000 -0.194496 0.845954 3.020512 1.000000 -0.381131 0.532965 2.997594 1.000000 -0.439142 0.319991 2.952811 1.000000 -0.374739 0.180639 2.802558 1.000000 -0.319444 0.129687 2.730662 1.000000 -0.044430 0.533282 3.050179 1.000000 -0.005331 0.319463 3.023727 1.000000 -0.053433 0.185594 2.840461 1.000000 -0.099109 0.147107 2.764513 1.000000 -0.285731 0.138585 2.966090 1.000000 -0.346072 -0.381708 3.068856 1.000000 -0.372095 -0.758891 3.128692 1.000000 -0.404757 -0.823384 3.089553 1.000000 -0.136286 0.136578 2.986348 1.000000 -0.135992 -0.395951 3.091442 1.000000 -0.156409 -0.773185 3.173912 1.000000 -0.146658 -0.828055 3.103110 1.000000
6846904251 -0.212296 0.213448 2.984672 1.000000 -0.220176 0.280999 3.031635 1.000000 -0.217785 0.647456 3.019702 1.000000 -0.195561 0.844966 3.018213 1.000000 -0.381275 0.533027 2.997930 1.000000 -0.439813 0.320300 2.953360 1.000000 -0.376931 0.179632 2.803828 1.000000 -0.324502 0.127662 2.730541 1.000000 -0.045103 0.533272 3.050431 1.000000 -0.005852 0.320133 3.025620 1.000000 -0.053088 0.186116 2.842136 1.000000 -0.097608 0.143289 2.764749 1.000000 -0.285738 0.138590 2.966094 1.000000 -0.346137 -0.381744 3.068819 1.000000 -0.372390 -0.759155 3.128879 1.000000 -0.411278 -0.831896 3.080242 1.000000 -0.136372 0.136653 2.986298 1.000000 -0.136322 -0.393313 3.089968 1.000000 -0.156641 -0.773054 3.174043 1.000000 -0.150343 -0.826529 3.116776 1.000000
6846936655 -0.212374 0.213366 2.984751 1.000000 -0.220387 0.280730 3.032262 1.000000 -0.217565 0.647238 3.020773 1.000000 -0.195642 0.844298 3.018229 1.000000 -0.381226 0.533091 2.997805 1.000000 -0.440444 0.320383 2.954592 1.000000 -0.370761 0.175745 2.812855 1.000000 -0.325007 0.122467 2.736132 1.000000 -0.045522 0.533427 3.050850 1.000000 -0.006204 0.320065 3.026294 1.000000 -0.043726 0.181594 2.865657 1.000000 -0.094062 0.138425 2.774311 1.000000 -0.285832 0.138622 2.966135 1.000000 -0.346061 -0.382355 3.068935 1.000000 -0.371640 -0.760422 3.131097 1.000000 -0.402278 -0.823994 3.095997 1.000000 -0.136526 0.136566 2.986317 1.000000 -0.136327 -0.394489 3.090501 1.000000 -0.156770 -0.773368 3.174011 1.000000 -0.143505 -0.831524 3.095992 1.000000
6846968016 -0.212447 0.213321 2.984763 1.000000 -0.220535 0.280605 3.032778 1.000000 -0.217679 0.647448 3.021175 1.000000 -0.194409 0.843765 3.015807 1.000000 -0.381289 0.533050 2.997889 1.000000 -0.442149 0.320863 2.956425 1.000000 -0.368258 0.174102 2.819648 1.000000 -0.340263 0.144496 2.769692 1.000000 -0.045856 0.533323 3.050974 1.000000 -0.006491 0.319871 3.026836 1.000000 -0.041282 0.170518 2.876636 1.000000 -0.080447 0.121977 2.793339 1.000000 -0.285919 0.138617 2.966134 1.000000 -0.346064 -0.382337 3.068959 1.000000 -0.370736 -0.760313 3.130052 1.000000 -0.400880 -0.822196 3.095023 1.000000 -0.136634 0.136539 2.986278 1.000000 -0.136004 -0.395600 3.091295 1.000000 -0.156803 -0.773715 3.174365 1.000000 -0.143572 -0.832156 3.094691 1.000000
6847010273 -0.212649 0.213326 2.984751 1.000000 -0.220735 0.280541 3.033228 1.000000 -0.217574 0.647449 3.021271 1.000000 -0.197029 0.844612 3.019500 1.000000 -0.381428 0.532969 2.997991 1.000000 -0.443598 0.320732 2.958848 1.000000 -0.369749 0.173795 2.822342 1.000000 -0.337141 0.129462 2.768578 1.000000 -0.046229 0.533460 3.051304 1.000000 -0.007098 0.320161 3.029811 1.000000 -0.061075 0.174158 2.850379 1.000000 -0.079344 0.124741 2.794312 1.000000 -0.286437 0.138718 2.966308 1.000000 -0.345627 -0.380960 3.068777 1.000000 -0.371340 -0.759497 3.129560 1.000000 -0.400710 -0.821864 3.095067 1.000000 -0.136998 0.136602 2.985990 1.000000 -0.136072 -0.395458 3.091297 1.000000 -0.157126 -0.773982 3.174999 1.000000 -0.149315 -0.827910 3.125439 1.000000
6847043470 -0.212995 0.213548 2.984372 1.000000 -0.221027 0.280639 3.033364 1.000000 -0.217510 0.647572 3.021134 1.000000 -0.195180 0.844465 3.020181 1.000000 -0.381984 0.533211 2.997946 1.000000 -0.444231 0.320575 2.960190 1.000000 -0.372506 0.171594 2.824986 1.000000 -0.338392 0.126391 2.772887 1.000000 -0.046265 0.533452 3.051335 1.000000 -0.007152 0.320183 3.030826 1.000000 -0.043158 0.168796 2.883369 1.000000 -0.074290 0.101643 2.810157 1.000000 -0.287199 0.139083 2.965746 1.000000 -0.345638 -0.380056 3.068658 1.000000 -0.372043 -0.759163 3.129456 1.000000 -0.400619 -0.821063 3.096085 1.000000 -0.137286 0.136624 2.985563 1.000000 -0.136058 -0.395460 3.091378 1.000000 -0.156976 -0.774299 3.175497 1.000000 -0.146494 -0.833414 3.098880 1.000000
6847076283 -0.213320 0.213804 2.983909 1.000000 -0.221396 0.280809 3.033476 1.000000 -0.217740 0.648534 3.021395 1.000000 -0.196053 0.845362 3.020942 1.000000 -0.382254 0.533291 2.997753 1.000000 -0.445065 0.322918 2.963028 1.000000 -0.376289 0.169666 2.831579 1.000000 -0.341480 0.119841 2.784384 1.000000 -0.046591 0.533817 3.051426 1.000000 -0.007078 0.320122 3.030948 1.000000 -0.042265 0.164167 2.888709 1.000000 -0.070201 0.082456 2.830552 1.000000 -0.287760 0.139447 2.965493 1.000000 -0.345570 -0.379865 3.068181 1.000000 -0.371591 -0.757355 3.122513 1.000000 -0.400664 -0.821426 3.096206 1.000000 -0.137553 0.137055 2.984151 1.000000 -0.136012 -0.395076 3.091785 1.000000 -0.156951 -0.773811 3.175307 1.000000 -0.146889 -0.826250 3.111995 1.000000
6847120260 -0.213882 0.213953 2.983609 1.000000 -0.221913 0.280860 3.033669 1.000000 -0.218067 0.648698 3.021532 1.000000 -0.195855 0.844977 3.019938 1.000000 -0.383615 0.532686 2.997720 1.000000 -0.446490 0.319512 2.967607 1.000000 -0.383779 0.158811 2.842996 1.000000 -0.353318 0.100387 2.811370 1.000000 -0.046993 0.534042 3.051316 1.000000 -0.006872 0.319657 3.032292 1.000000 -0.042510 0.160150 2.894705 1.000000 -0.067776 0.074885 2.840509 1.000000 -0.289062 0.139690 2.964842 1.000000 -0.345455 -0.380035 3.068491 1.000000 -0.371184 -0.756973 3.122767 1.000000 -0.403753 -0.822744 3.099620 1.000000 -0.137735 0.137021 2.983949 1.000000 -0.136011 -0.395106 3.091772 1.000000 -0.156999 -0.773783 3.175039 1.000000 -0.143464 -0.831484 3.097064 1.000000
6847151394 -0.214219 0.213922 2.983251 1.000000 -0.222297 0.280736 3.033683 1.000000 -0.218440 0.648477 3.021281 1.000000 -0.196176 0.844203 3.016973 1.000000 -0.384423 0.532297 2.997697 1.000000 -0.446933 0.315228 2.967887 1.000000 -0.386618 0.144382 2.853159 1.000000 -0.354602 0.081572 2.822274 1.000000 -0.047041 0.534085 3.051349 1.000000 -0.006453 0.310965 3.032594 1.000000 -0.030107 0.138715 2.910201 1.000000 -0.063287 0.049079 2.868871 1.000000 -0.289881 0.139571 2.964410 1.000000 -0.345488 -0.380030 3.068534 1.000000 -0.370978 -0.755961 3.125723 1.000000 -0.403311 -0.822053 3.099037 1.000000 -0.137751 0.136823 2.983530 1.000000 -0.136026 -0.395111 3.091816 1.000000 -0.157017 -0.774027 3.175237 1.000000 -0.145468 -0.830994 3.097548 1.000000
6847193326 -0.214832 0.214331 2.982852 1.000000 -0.222961 0.280872 3.033672 1.000000 -0.219989 0.647747 3.021227 1.000000 -0.196702 0.841585 3.009614 1.000000 -0.385617 0.531893 2.997987 1.000000 -0.446769 0.307623 2.971357 1.000000 -0.387169 0.103200 2.867827 1.000000 -0.358280 0.035491 2.845239 1.000000 -0.047230 0.534155 3.051404 1.000000 -0.006801 0.307980 3.034237 1.000000 -0.033005 0.134108 2.915108 1.000000 -0.065652 0.043245 2.875974 1.000000 -0.290886 0.139858 2.963639 1.000000 -0.345455 -0.380359 3.069145 1.000000 -0.371415 -0.756787 3.126151 1.000000 -0.402371 -0.821733 3.097671 1.000000 -0.137832 0.136951 2.983361 1.000000 -0.135924 -0.394485 3.091979 1.000000 -0.157170 -0.773897 3.175257 1.000000 -0.154286 -0.826411 3.123742 1.000000
6847226082 -0.214814 0.214395 2.982771 1.000000 -0.222982 0.281035 3.033792 1.000000 -0.219986 0.647779 3.019934 1.000000 -0.195783 0.841625 3.008535 1.000000 -0.386528 0.532004 2.997929 1.000000 -0.446545 0.304965 2.971614 1.000000 -0.386896 0.096287 2.871302 1.000000 -0.352515 -0.001873 2.865473 1.000000 -0.047275 0.534155 3.051365 1.000000 -0.007300 0.305370 3.036493 1.000000 -0.017047 0.119272 2.937380 1.000000 -0.046614 0.025615 2.902658 1.000000 -0.290901 0.139817 2.963579 1.000000 -0.345478 -0.380764 3.069028 1.000000 -0.371966 -0.757687 3.129354 1.000000 -0.402146 -0.822697 3.098229 1.000000 -0.137731 0.136968 2.983371 1.000000 -0.136871 -0.395364 3.092905 1.000000 -0.156685 -0.775088 3.174995 1.000000 -0.140160 -0.828110 3.092247 1.000000
6847260411 -0.214852 0.214355 2.982795 1.000000 -0.223114 0.280956 3.033999 1.000000 -0.220212 0.647229 3.019601 1.000000 -0.196506 0.841043 3.007625 1.000000 -0.387055 0.531121 2.997259 1.000000 -0.446542 0.301667 2.973459 1.000000 -0.389164 0.092194 2.879612 1.000000 -0.357112 -0.006641 2.872264 1.000000 -0.047583 0.533970 3.051074 1.000000 -0.006208 0.295945 3.039289 1.000000 -0.012241 0.106941 2.946460 1.000000 -0.043097 0.015137 2.908125 1.000000 -0.291023 0.139509 2.963733 1.000000 -0.345530 -0.381370 3.069116 1.000000 -0.371807 -0.757796 3.128904 1.000000 -0.401976 -0.827598 3.081747 1.000000 -0.137719 0.136976 2.983411 1.000000 -0.137011 -0.395405 3.093053 1.000000 -0.156409 -0.775604 3.174845 1.000000 -0.144043 -0.836727 3.097068 1.000000
6847293342 -0.214801 0.214761 2.983291 1.000000 -0.223248 0.281273 3.034382 1.000000 -0.220278 0.647302 3.019450 1.000000 -0.198935 0.842134 3.010046 1.000000 -0.387635 0.531019 2.996821 1.000000 -0.446539 0.297055 2.974352 1.000000 -0.399020 0.090118 2.897894 1.000000 -0.367475 -0.007793 2.881583 1.000000 -0.047519 0.534042 3.051598 1.000000 -0.006413 0.292898 3.041287 1.000000 -0.009088 0.099157 2.960672 1.000000 -0.040210 0.007589 2.922013 1.000000 -0.291021 0.139629 2.964207 1.000000 -0.345627 -0.381163 3.068847 1.000000 -0.371204 -0.757677 3.129364 1.000000 -0.400527 -0.824800 3.087404 1.000000 -0.137362 0.137317 2.984379 1.000000 -0.136942 -0.395464 3.093170 1.000000 -0.156272 -0.775535 3.174775 1.000000 -0.144397 -0.834637 3.095345 1.000000
6847337640 -0.214928 0.215200 2.983589 1.000000 -0.223428 0.281801 3.034411 1.000000 -0.221362 0.647626 3.017810 1.000000 -0.198701 0.843261 3.011969 1.000000 -0.388144 0.530942 2.996696 1.000000 -0.448356 0.295037 2.977864 1.000000 -0.402068 0.089186 2.904246 1.000000 -0.377886 -0.002633 2.892044 1.000000 -0.047459 0.533920 3.051632 1.000000 -0.005709 0.286046 3.044125 1.000000 -0.027344 0.074219 2.980173 1.000000 -0.058668 -0.017283 2.941537 1.000000 -0.291079 0.139705 2.964330 1.000000 -0.345641 -0.381072 3.068891 1.000000 -0.370659 -0.756920 3.129836 1.000000 -0.401679 -0.822747 3.095587 1.000000 -0.137218 0.137696 2.985513 1.000000 -0.136950 -0.395336 3.093292 1.000000 -0.156769 -0.775520 3.175073 1.000000 -0.149415 -0.833036 3.107907 1.000000
6847370231 -0.215080 0.215302 2.983825 1.000000 -0.223581 0.281935 3.034436 1.000000 -0.222146 0.647475 3.017456 1.000000 -0.198045 0.840039 3.000573 1.000000 -0.388426 0.531598 2.997051 1.000000 -0.449340 0.292636 2.980700 1.000000 -0.406564 0.085494 2.911821 1.000000 -0.390988 0.011772 2.895885 1.000000 -0.047619 0.533814 3.051670 1.000000 -0.006138 0.284333 3.044615 1.000000 -0.015360 0.083073 2.992959 1.000000 -0.046700 -0.008474 2.954304 1.000000 -0.291161 0.139782 2.964660 1.000000 -0.345723 -0.381106 3.069075 1.000000 -0.371521 -0.756352 3.129020 1.000000 -0.401829 -0.821709 3.101802 1.000000 -0.137289 0.137773 2.985907 1.000000 -0.137027 -0.395251 3.093290 1.000000 -0.157925 -0.775035 3.175155 1.000000 -0.141178 -0.830651 3.094100 1.000000
6847401686 -0.215171 0.214976 2.984185 1.000000 -0.223748 0.281738 3.034224 1.000000 -0.223588 0.643937 3.014989 1.000000 -0.199443 0.837079 2.999828 1.000000 -0.388700 0.531474 2.996733 1.000000 -0.449588 0.290727 2.982368 1.000000 -0.411011 0.082568 2.909119 1.000000 -0.394175 0.008926 2.894140 1.000000 -0.048069 0.533421 3.051517 1.000000 -0.006672 0.280004 3.046453 1.000000 -0.012090 0.078596 2.994685 1.000000 -0.023530 -0.023209 2.975681 1.000000 -0.291134 0.139175 2.965430 1.000000 -0.345812 -0.381150 3.069109 1.000000 -0.372405 -0.758526 3.129822 1.000000 -0.409265 -0.831856 3.085107 1.000000 -0.137259 0.137383 2.986688 1.000000 -0.137232 -0.395705 3.093738 1.000000 -0.158284 -0.775160 3.175379 1.000000 -0.145813 -0.831923 3.098182 1.000000
6847444229 -0.215094 0.215022 2.984357 1.000000 -0.223705 0.281926 3.033849 1.000000 -0.222998 0.644676 3.014431 1.000000 -0.199699 0.838541 3.001170 1.000000 -0.389110 0.531127 2.996077 1.000000 -0.450969 0.288811 2.984902 1.000000 -0.413923 0.082091 2.909781 1.000000 -0.395410 0.004840 2.889544 1.000000 -0.048094 0.533383 3.051539 1.000000 -0.006205 0.278362 3.046862 1.000000 -0.010708 0.076967 2.994728 1.000000 -0.020413 -0.025374 2.977614 1.000000 -0.291071 0.139088 2.965635 1.000000 -0.345906 -0.381147 3.068887 1.000000 -0.372530 -0.758425 3.128838 1.000000 -0.406256 -0.830658 3.091117 1.000000 -0.137082 0.137451 2.987241 1.000000 -0.137369 -0.395199 3.093892 1.000000 -0.158399 -0.774577 3.175624 1.000000 -0.146182 -0.828721 3.100787 1.000000
6847477325 -0.215313 0.215066 2.984717 1.000000 -0.223878 0.282104 3.033514 1.000000 -0.223723 0.644725 3.013687 1.000000 -0.199717 0.835768 2.991200 1.000000 -0.389655 0.531195 2.995808 1.000000 -0.451707 0.287497 2.985474 1.000000 -0.417122 0.078597 2.909804 1.000000 -0.398637 -0.001322 2.889107 1.000000 -0.048167 0.533219 3.051460 1.000000 -0.005833 0.273546 3.046196 1.000000 -0.005797 0.055731 2.986428 1.000000 -0.018410 -0.041112 2.969981 1.000000 -0.291388 0.139007 2.966532 1.000000 -0.345612 -0.380275 3.068747 1.000000 -0.370863 -0.756203 3.126745 1.000000 -0.404703 -0.827245 3.092950 1.000000 -0.137144 0.137378 2.987666 1.000000 -0.136699 -0.394284 3.093143 1.000000 -0.158552 -0.772620 3.173809 1.000000 -0.148125 -0.828656 3.118749 1.000000
6847511308 -0.215473 0.214569 2.985301 1.000000 -0.224079 0.281709 3.033342 1.000000 -0.224216 0.643719 3.013308 1.000000 -0.199488 0.835045 2.991719 1.000000 -0.389806 0.531141 2.995055 1.000000 -0.452165 0.285387 2.984783 1.000000 -0.419767 0.076607 2.907619 1.000000 -0.401631 -0.007218 2.887392 1.000000 -0.048478 0.532395 3.051021 1.000000 -0.005199 0.272220 3.045943 1.000000 -0.005054 0.054286 2.985997 1.000000 -0.014945 -0.046479 2.970834 1.000000 -0.291469 0.138146 2.967649 1.000000 -0.345990 -0.381309 3.068907 1.000000 -0.371748 -0.759163 3.131279 1.000000 -0.405071 -0.826292 3.090303 1.000000 -0.137197 0.137028 2.988266 1.000000 -0.136592 -0.394030 3.093308 1.000000 -0.158563 -0.772530 3.173801 1.000000 -0.149814 -0.828317 3.124018 1.000000
6847554230 -0.215446 0.214509 2.985523 1.000000 -0.224069 0.281783 3.032862 1.000000 -0.223952 0.643606 3.012908 1.000000 -0.197796 0.835282 2.992744 1.000000 -0.389935 0.531092 2.994976 1.000000 -0.452516 0.285036 2.985150 1.000000 -0.423070 0.076590 2.907692 1.000000 -0.406555 -0.010321 2.885693 1.000000 -0.048179 0.531918 3.051703 1.000000 -0.003761 0.269788 3.044668 1.000000 -0.003288 0.050325 2.984213 1.000000 -0.011696 -0.053109 2.974183 1.000000 -0.291474 0.138051 2.967830 1.000000 -0.345857 -0.382193 3.070065 1.000000 -0.371808 -0.759100 3.131340 1.000000 -0.403269 -0.822675 3.094843 1.000000 -0.137068 0.136608 2.989033 1.000000 -0.137096 -0.395037 3.093598 1.000000 -0.158426 -0.772073 3.173584 1.000000 -0.143174 -0.827525 3.102053 1.000000
6847585459 -0.215904 0.214451 2.985911 1.000000 -0.224285 0.281863 3.032446 1.000000 -0.224186 0.643357 3.012212 1.000000 -0.198011 0.834580 2.990406 1.000000 -0.390857 0.531114 2.995339 1.000000 -0.453706 0.283845 2.985331 1.000000 -0.426996 0.074154 2.905915 1.000000 -0.413202 -0.027606 2.887661 1.000000 -0.048139 0.531773 3.051733 1.000000 -0.003932 0.268003 3.043909 1.000000 0.002483 0.033118 2.975446 1.000000 -0.008644 -0.065092 2.970426 1.000000 -0.292330 0.137756 2.968709 1.000000 -0.345893 -0.382725 3.070247 1.000000 -0.371707 -0.759637 3.131476 1.000000 -0.402047 -0.822416 3.096062 1.000000 -0.137405 0.136311 2.989469 1.000000 -0.136521 -0.394270 3.093272 1.000000 -0.159702 -0.769624 3.173134 1.000000 -0.140153 -0.826594 3.099661 1.000000
6847627203 -0.216320 0.213921 2.986110 1.000000 -0.224477 0.281322 3.031928 1.000000 -0.223360 0.641305 3.011582 1.000000 -0.198794 0.833432 2.991672 1.000000 -0.390952 0.531041 2.995246 1.000000 -0.453767 0.283768 2.985120 1.000000 -0.431409 0.070869 2.902400 1.000000 -0.417052 -0.031219 2.886217 1.000000 -0.048264 0.531075 3.051295 1.000000 -0.001977 0.263580 3.042300 1.000000 0.004697 0.031990 2.977074 1.000000 -0.004259 -0.070844 2.975314 1.000000 -0.292867 0.137189 2.968914 1.000000 -0.345849 -0.382905 3.070346 1.000000 -0.372378 -0.759985 3.132645 1.000000 -0.399734 -0.823286 3.106551 1.000000 -0.138062 0.135561 2.989815 1.000000 -0.136539 -0.394225 3.093272 1.000000 -0.159672 -0.769506 3.172878 1.000000 -0.145202 -0.824548 3.124613 1.000000
6847660246 -0.216714 0.213832 2.986334 1.000000 -0.224710 0.281288 3.031450 1.000000 -0.223434 0.641113 3.011414 1.000000 -0.196243 0.834953 2.998183 1.000000 -0.390922 0.531049 2.995188 1.000000 -0.454457 0.282817 2.984975 1.000000 -0.434808 0.068237 2.899812 1.000000 -0.418913 -0.033784 2.884353 1.000000 -0.048155 0.530936 3.051233 1.000000 -0.001730 0.261581 3.041591 1.000000 0.006763 0.025827 2.978198 1.000000 -0.003518 -0.072153 2.975479 1.000000 -0.293259 0.137152 2.969150 1.000000 -0.345860 -0.382886 3.070390 1.000000 -0.372361 -0.759382 3.128845 1.000000 -0.400374 -0.823987 3.105237 1.000000 -0.138559 0.135336 2.990160 1.000000 -0.136704 -0.393820 3.093270 1.000000 -0.159834 -0.769508 3.172921 1.000000 -0.146088 -0.824653 3.125600 1.000000
6847693423 -0.217162 0.213872 2.986452 1.000000 -0.224938 0.281397 3.031075 1.000000 -0.223164 0.641956 3.011947 1.000000 -0.196087 0.835135 2.996083 1.000000 -0.391094 0.531090 2.995212 1.000000 -0.454987 0.282381 2.984635 1.000000 -0.436088 0.068087 2.900177 1.000000 -0.420394 -0.033896 2.883911 1.000000 -0.048321 0.530926 3.051176 1.000000 -0.001772 0.261247 3.041888 1.000000 0.007605 0.026669 2.978201 1.000000 -0.003113 -0.073459 2.974557 1.000000 -0.293818 0.137350 2.969274 1.000000 -0.346624 -0.380466 3.069341 1.000000 -0.369211 -0.752699 3.127276 1.000000 -0.402941 -0.821493 3.107525 1.000000 -0.139225 0.135267 2.990147 1.000000 -0.136905 -0.393885 3.092912 1.000000 -0.160840 -0.770482 3.173755 1.000000 -0.142700 -0.829490 3.118562 1.000000
6847727273 -0.217386 0.213762 2.986505 1.000000 -0.225151 0.281280 3.030643 1.000000 -0.223398 0.641608 3.011880 1.000000 -0.196259 0.834892 2.996142 1.000000 -0.391210 0.531026 2.994936 1.000000 -0.455139 0.282151 2.984601 1.000000 -0.438959 0.065056 2.897718 1.000000 -0.420886 -0.036787 2.882785 1.000000 -0.048323 0.530932 3.051158 1.000000 -0.001772 0.261246 3.042048 1.000000 0.007680 0.026645 2.978103 1.000000 -0.002782 -0.072718 2.974267 1.000000 -0.294038 0.137293 2.969350 1.000000 -0.346682 -0.382302 3.069813 1.000000 -0.368833 -0.754387 3.127544 1.000000 -0.403501 -0.822258 3.108897 1.000000 -0.139395 0.135080 2.990151 1.000000 -0.137149 -0.394749 3.093228 1.000000 -0.160525 -0.770638 3.173332 1.000000 -0.143649 -0.833098 3.107359 1.000000
6847771275 -0.217429 0.213796 2.986527 1.000000 -0.225177 0.281377 3.030237 1.000000 -0.223956 0.641943 3.011804 1.000000 -0.196145 0.834969 2.995257 1.000000 -0.391277 0.531035 2.994882 1.000000 -0.455182 0.281724 2.984365 1.000000 -0.439264 0.064807 2.897755 1.000000 -0.421418 -0.037166 2.883117 1.000000 -0.048397 0.531161 3.051096 1.000000 -0.001948 0.260623 3.042669 1.000000 0.006966 0.026429 2.977593 1.000000 -0.002903 -0.073203 2.973820 1.000000 -0.294037 0.137306 2.969354 1.000000 -0.346878 -0.382410 3.069955 1.000000 -0.367758 -0.755224 3.128077 1.000000 -0.401801 -0.821375 3.107192 1.000000 -0.139406 0.135107 2.990176 1.000000 -0.136997 -0.394458 3.093062 1.000000 -0.160457 -0.770807 3.173723 1.000000 -0.140594 -0.829138 3.122915 1.000000
6847802558 -0.217567 0.213769 2.986639 1.000000 -0.225293 0.281404 3.029950 1.000000 -0.224084 0.642077 3.011892 1.000000 -0.195510 0.834858 2.994632 1.000000 -0.391349 0.530977 2.994824 1.000000 -0.455593 0.281949 2.984148 1.000000 -0.439758 0.065226 2.897799 1.000000 -0.421989 -0.036859 2.883567 1.000000 -0.048374 0.531136 3.051291 1.000000 -0.002400 0.260505 3.043488 1.000000 0.006199 0.027546 2.977696 1.000000 -0.003186 -0.070281 2.970468 1.000000 -0.294102 0.137278 2.969368 1.000000 -0.346775 -0.382509 3.069603 1.000000 -0.369881 -0.758080 3.129324 1.000000 -0.404725 -0.826399 3.111701 1.000000 -0.139562 0.135012 2.990393 1.000000 -0.136928 -0.394046 3.092663 1.000000 -0.160455 -0.770817 3.173722 1.000000 -0.142201 -0.827424 3.123328 1.000000
6847844158 -0.217637 0.213718 2.986763 1.000000 -0.225293 0.281440 3.029701 1.000000 -0.224047 0.642674 3.012035 1.000000 -0.194384 0.835534 2.995372 1.000000 -0.391337 0.530984 2.994793 1.000000 -0.455670 0.281952 2.984467 1.000000 -0.440123 0.066439 2.898524 1.000000 -0.422340 -0.035523 2.883722 1.000000 -0.048393 0.530967 3.051230 1.000000 -0.002734 0.260591 3.044096 1.000000 0.003570 0.033072 2.979269 1.000000 -0.002423 -0.038767 2.951422 1.000000 -0.294138 0.137261 2.969454 1.000000 -0.346462 -0.382754 3.069622 1.000000 -0.369933 -0.757991 3.129561 1.000000 -0.403441 -0.824362 3.109577 1.000000 -0.139650 0.134944 2.990546 1.000000 -0.136946 -0.394012 3.092615 1.000000 -0.160688 -0.771646 3.175122 1.000000 -0.145294 -0.826531 3.127665 1.000000
6847877331 -0.217744 0.213539 2.986870 1.000000 -0.225467 0.281226 3.029397 1.000000 -0.225014 0.641530 3.011544 1.000000 -0.195373 0.834715 2.995716 1.000000 -0.391570 0.530439 2.994427 1.000000 -0.455674 0.281952 2.984464 1.000000 -0.440352 0.067238 2.898474 1.000000 -0.422514 -0.034744 2.883916 1.000000 -0.048424 0.530618 3.051150 1.000000 -0.002800 0.260606 3.044120 1.000000 -0.001014 0.046257 2.980781 1.000000 -0.005458 -0.028838 2.963099 1.000000 -0.294217 0.136918 2.969615 1.000000 -0.346441 -0.382751 3.069626 1.000000 -0.370081 -0.758178 3.129060 1.000000 -0.405567 -0.824203 3.111941 1.000000 -0.139646 0.134823 2.990670 1.000000 -0.137167 -0.393109 3.092434 1.000000 -0.161108 -0.768860 3.171800 1.000000 -0.146465 -0.825426 3.126737 1.000000
6847911359 -0.217793 0.213749 2.986940 1.000000 -0.225537 0.281478 3.029205 1.000000 -0.225289 0.642383 3.012058 1.000000 -0.194922 0.835399 2.995784 1.000000 -0.391715 0.530986 2.994789 1.000000 -0.456190 0.283274 2.984416 1.000000 -0.440106 0.067540 2.898258 1.000000 -0.420696 -0.033831 2.881477 1.000000 -0.048411 0.530979 3.051735 1.000000 -0.003207 0.261703 3.044523 1.000000 -0.003753 0.062046 2.980895 1.000000 -0.009784 -0.022010 2.966346 1.000000 -0.294200 0.137271 2.969344 1.000000 -0.346515 -0.382755 3.069340 1.000000 -0.370344 -0.757686 3.127630 1.000000 -0.403933 -0.823017 3.106214 1.000000 -0.139660 0.134907 2.990927 1.000000 -0.137273 -0.393513 3.092328 1.000000 -0.161291 -0.770007 3.171142 1.000000 -0.136793 -0.826355 3.092641 1.000000
6847944181 -0.217673 0.213635 2.986879 1.000000 -0.225345 0.281361 3.028809 1.000000 -0.224533 0.641685 3.011642 1.000000 -0.195368 0.835590 2.997544 1.000000 -0.391744 0.530706 2.994700 1.000000 -0.458875 0.288298 2.983673 1.000000 -0.436895 0.069445 2.893443 1.000000 -0.418943 -0.026396 2.879473 1.000000 -0.048448 0.530968 3.051861 1.000000 -0.003288 0.262171 3.044106 1.000000 -0.003862 0.062237 2.981400 1.000000 -0.011794 -0.021785 2.966773 1.000000 -0.294075 0.137039 2.969354 1.000000 -0.347368 -0.384710 3.069848 1.000000 -0.370257 -0.758415 3.127523 1.000000 -0.408679 -0.830579 3.114403 1.000000 -0.139525 0.134887 2.990802 1.000000 -0.137214 -0.393378 3.092270 1.000000 -0.160239 -0.769720 3.171221 1.000000 -0.149807 -0.829743 3.129817 1.000000
6847988233 -0.217625 0.213520 2.986958 1.000000 -0.225265 0.281254 3.028621 1.000000 -0.224443 0.641520 3.011741 1.000000 -0.196453 0.835715 2.997794 1.000000 -0.391967 0.530567 2.994765 1.000000 -0.459653 0.289063 2.983143 1.000000 -0.428551 0.076985 2.874530 1.000000 -0.413034 -0.017092 2.873125 1.000000 -0.048582 0.530986 3.052007 1.000000 -0.003378 0.265329 3.041485 1.000000 -0.004719 0.067139 2.971116 1.000000 -0.012436 -0.023967 2.960042 1.000000 -0.294027 0.136834 2.969437 1.000000 -0.347730 -0.384954 3.069652 1.000000 -0.371219 -0.761678 3.130164 1.000000 -0.416379 -0.835908 3.095973 1.000000 -0.139441 0.134807 2.990865 1.000000 -0.137150 -0.394826 3.092437 1.000000 -0.159470 -0.770644 3.170659 1.000000 -0.145804 -0.831551 3.114089 1.000000
6848020751 -0.217583 0.213467 2.986991 1.000000 -0.225376 0.281162 3.028472 1.000000 -0.224686 0.641529 3.012352 1.000000 -0.194649 0.836457 3.001985 1.000000 -0.391863 0.530626 2.994805 1.000000 -0.467679 0.307690 2.971873 1.000000 -0.417725 0.096619 2.823917 1.000000 -0.397827 0.022004 2.821349 1.000000 -0.048843 0.530869 3.053328 1.000000 0.000913 0.269353 3.038393 1.000000 -0.003401 0.081250 2.927335 1.000000 -0.016117 -0.010812 2.921896 1.000000 -0.293932 0.136847 2.969378 1.000000 -0.347713 -0.385052 3.069767 1.000000 -0.371314 -0.761082 3.130000 1.000000 -0.407906 -0.827003 3.101845 1.000000 -0.139340 0.134729 2.990928 1.000000 -0.137434 -0.395170 3.092512 1.000000 -0.159945 -0.771108 3.171024 1.000000 -0.141488 -0.834742 3.097221 1.000000
6848051890 -0.217598 0.213498 2.987127 1.000000 -0.225508 0.281229 3.028395 1.000000 -0.224823 0.641747 3.012408 1.000000 -0.194300 0.838012 3.007468 1.000000 -0.391789 0.530734 2.995260 1.000000 -0.474562 0.317294 2.962548 1.000000 -0.415039 0.127075 2.780947 1.000000 -0.396904 0.053081 2.793788 1.000000 -0.048857 0.530765 3.054833 1.000000 0.011686 0.289752 3.031959 1.000000 0.004820 0.097092 2.883890 1.000000 -0.021133 -0.002552 2.870790 1.000000 -0.293944 0.136999 2.969661 1.000000 -0.347674 -0.384234 3.069770 1.000000 -0.371408 -0.760730 3.130243 1.000000 -0.407191 -0.827241 3.102640 1.000000 -0.139305 0.134731 2.991005 1.000000 -0.137978 -0.395693 3.092600 1.000000 -0.160190 -0.771226 3.171909 1.000000 -0.141883 -0.832581 3.095497 1.000000
6848094307 -0.217673 0.213585 2.987620 1.000000 -0.225727 0.281170 3.029063 1.000000 -0.224725 0.642027 3.014642 1.000000 -0.194064 0.838478 3.010330 1.000000 -0.391754 0.530786 2.995377 1.000000 -0.477413 0.324875 2.949713 1.000000 -0.418457 0.179688 2.759462 1.000000 -0.398193 0.105591 2.722352 1.000000 -0.048453 0.529998 3.056080 1.000000 0.016527 0.308079 3.028975 1.000000 0.005426 0.114225 2.850568 1.000000 -0.010612 0.033875 2.827821 1.000000 -0.293991 0.137037 2.969720 1.000000 -0.347775 -0.383878 3.070185 1.000000 -0.371526 -0.760565 3.129946 1.000000 -0.405956 -0.827139 3.101730 1.000000 -0.139317 0.134707 2.991641 1.000000 -0.137839 -0.394599 3.092090 1.000000 -0.160260 -0.770765 3.172079 1.000000 -0.144152 -0.826855 3.119362 1.000000
6848127206 -0.217511 0.214277 2.988908 1.000000 -0.225626 0.281813 3.030267 1.000000 -0.224878 0.642373 3.015516 1.000000 -0.195668 0.839491 3.014272 1.000000 -0.391647 0.532013 2.996068 1.000000 -0.475279 0.338769 2.949344 1.000000 -0.427002 0.245728 2.732117 1.000000 -0.386475 0.177368 2.669617 1.000000 -0.048237 0.530117 3.056455 1.000000 0.027808 0.326029 3.016763 1.000000 0.015015 0.171631 2.784852 1.000000 -0.006437 0.115613 2.736224 1.000000 -0.293736 0.137695 2.970720 1.000000 -0.347728 -0.383605 3.070306 1.000000 -0.371310 -0.758880 3.129716 1.000000 -0.404426 -0.824056 3.102147 1.000000 -0.139046 0.135225 2.993031 1.000000 -0.137739 -0.394416 3.092340 1.000000 -0.160076 -0.770651 3.172051 1.000000 -0.145351 -0.826472 3.120331 1.000000
6848161462 -0.217813 0.214534 2.991147 1.000000 -0.225772 0.282116 3.032204 1.000000 -0.224838 0.642331 3.016616 1.000000 -0.196295 0.839986 3.018579 1.000000 -0.391907 0.532352 2.997214 1.000000 -0.484686 0.354306 2.919787 1.000000 -0.407534 0.277849 2.649748 1.000000 -0.365806 0.242972 2.594941 1.000000 -0.048468 0.530220 3.056779 1.000000 0.036257 0.346211 2.993891 1.000000 0.049572 0.269495 2.789696 1.000000 0.033786 0.214640 2.702209 1.000000 -0.294006 0.138232 2.973701 1.000000 -0.347481 -0.383215 3.070448 1.000000 -0.370937 -0.758520 3.129812 1.000000 -0.405528 -0.824274 3.096648 1.000000 -0.139419 0.135437 2.994863 1.000000 -0.137447 -0.393965 3.092659 1.000000 -0.159978 -0.770210 3.172435 1.000000 -0.148591 -0.827346 3.127410 1.000000
6848204420 -0.218279 0.214380 2.992513 1.000000 -0.226003 0.282076 3.033561 1.000000 -0.225529 0.643043 3.018220 1.000000 -0.197335 0.840662 3.020832 1.000000 -0.391146 0.533066 3.000276 1.000000 -0.495046 0.372434 2.875102 1.000000 -0.412413 0.347438 2.651796 1.000000 -0.384243 0.338917 2.580365 1.000000 -0.048952 0.530062 3.057141 1.000000 0.072144 0.372308 2.977721 1.000000 0.064387 0.289003 2.776078 1.000000 0.049289 0.276899 2.701284 1.000000 -0.294361 0.138342 2.975238 1.000000 -0.347525 -0.383173 3.070993 1.000000 -0.370512 -0.758882 3.130128 1.000000 -0.405742 -0.824303 3.096569 1.000000 -0.139878 0.135610 2.996007 1.000000 -0.137550 -0.393508 3.093191 1.000000 -0.159914 -0.770243 3.172483 1.000000 -0.148666 -0.826804 3.126738 1.000000
6848235577 -0.218608 0.213393 2.993950 1.000000 -0.226688 0.280988 3.035433 1.000000 -0.226083 0.643480 3.022465 1.000000 -0.196555 0.840984 3.026698 1.000000 -0.389679 0.533000 3.001223 1.000000 -0.498524 0.379198 2.848910 1.000000 -0.391652 0.385595 2.659536 1.000000 -0.348825 0.416635 2.569393 1.000000 -0.052584 0.530863 3.059785 1.000000 0.074158 0.342285 2.892373 1.000000 0.021267 0.408463 2.691193 1.000000 0.001595 0.437158 2.592638 1.000000 -0.294130 0.138268 2.976048 1.000000 -0.347532 -0.383175 3.071004 1.000000 -0.369917 -0.758166 3.128822 1.000000 -0.405123 -0.823531 3.096416 1.000000 -0.140796 0.135451 2.997315 1.000000 -0.137580 -0.393380 3.093308 1.000000 -0.159861 -0.771970 3.173979 1.000000 -0.148503 -0.827073 3.126545 1.000000
6848277373 -0.216760 0.206442 2.996639 1.000000 -0.226841 0.275426 3.039067 1.000000 -0.226178 0.644295 3.030498 1.000000 -0.196544 0.839756 3.026173 1.000000 -0.370190 0.505306 2.991570 1.000000 -0.482666 0.415527 2.808388 1.000000 -0.377866 0.480279 2.629929 1.000000 -0.328175 0.524389 2.549270 1.000000 -0.068130 0.544348 3.059317 1.000000 0.068298 0.385254 2.865028 1.000000 0.022732 0.458393 2.664516 1.000000 -0.009256 0.511858 2.580617 1.000000 -0.288955 0.134593 2.979313 1.000000 -0.347536 -0.383119 3.071029 1.000000 -0.370364 -0.758408 3.129260 1.000000 -0.406363 -0.824302 3.099077 1.000000 -0.141181 0.134792 2.997755 1.000000 -0.136728 -0.395417 3.095167 1.000000 -0.159789 -0.772665 3.174437 1.000000 -0.148395 -0.827888 3.111674 1.000000
6848311394 -0.217431 0.207125 2.996580 1.000000 -0.227099 0.276205 3.040006 1.000000 -0.229679 0.648869 3.031241 1.000000 -0.194779 0.843382 3.027523 1.000000 -0.369481 0.527124 2.998234 1.000000 -0.476284 0.426290 2.804380 1.000000 -0.342529 0.560059 2.605160 1.000000 -0.299819 0.607514 2.561772 1.000000 -0.068908 0.541312 3.056735 1.000000 0.067192 0.418011 2.840236 1.000000 -0.005050 0.524476 2.666014 1.000000 -0.037674 0.585338 2.587664 1.000000 -0.289112 0.137501 2.979081 1.000000 -0.347602 -0.383175 3.071187 1.000000 -0.370304 -0.758252 3.129343 1.000000 -0.405420 -0.823404 3.099449 1.000000 -0.142836 0.136168 2.998003 1.000000 -0.136361 -0.395183 3.095599 1.000000 -0.159752 -0.772948 3.174372 1.000000 -0.148157 -0.829997 3.106074 1.000000
6848344710 -0.217911 0.207580 2.996416 1.000000 -0.228185 0.276594 3.040899 1.000000 -0.232394 0.652911 3.033644 1.000000 -0.191888 0.845459 3.027081 1.000000 -0.373624 0.522269 2.994155 1.000000 -0.464909 0.455173 2.795021 1.000000 -0.338004 0.575724 2.624653 1.000000 -0.295027 0.635734 2.602107 1.000000 -0.073827 0.544237 3.055174 1.000000 0.067594 0.444068 2.839800 1.000000 -0.030548 0.582520 2.652033 1.000000 -0.054539 0.639345 2.605645 1.000000 -0.289351 0.138224 2.978730 1.000000 -0.347555 -0.382710 3.070818 1.000000 -0.370748 -0.758585 3.129050 1.000000 -0.403973 -0.822740 3.101114 1.000000 -0.143644 0.137635 2.997799 1.000000 -0.136313 -0.394373 3.095794 1.000000 -0.159577 -0.773060 3.174162 1.000000 -0.148205 -0.829842 3.104574 1.000000
6848377732 -0.217293 0.212189 2.996476 1.000000 -0.227708 0.279884 3.042130 1.000000 -0.231537 0.653198 3.034388 1.000000 -0.191488 0.845394 3.026834 1.000000 -0.373577 0.521325 2.993795 1.000000 -0.468181 0.466049 2.792769 1.000000 -0.336340 0.596438 2.640146 1.000000 -0.281503 0.655766 2.613739 1.000000 -0.071736 0.551986 3.056335 1.000000 0.067442 0.470002 2.842496 1.000000 -0.057373 0.627930 2.655937 1.000000 -0.091918 0.677945 2.608464 1.000000 -0.288719 0.142968 2.978753 1.000000 -0.347476 -0.380886 3.069805 1.000000 -0.372110 -0.758229 3.130563 1.000000 -0.403011 -0.822534 3.100866 1.000000 -0.142795 0.142525 2.997405 1.000000 -0.135734 -0.393143 3.094985 1.000000 -0.160022 -0.774138 3.174697 1.000000 -0.148282 -0.829116 3.109939 1.000000
6848421658 -0.217385 0.212194 2.996484 1.000000 -0.227725 0.279677 3.042952 1.000000 -0.231336 0.652228 3.035414 1.000000 -0.189448 0.845710 3.036006 1.000000 -0.365615 0.538517 2.998559 1.000000 -0.453406 0.517569 2.786813 1.000000 -0.332850 0.629074 2.649353 1.000000 -0.275270 0.672775 2.620548 1.000000 -0.070923 0.550324 3.055906 1.000000 0.061279 0.533203 2.833766 1.000000 -0.097195 0.674989 2.640694 1.000000 -0.131727 0.724987 2.593239 1.000000 -0.288748 0.143680 2.978160 1.000000 -0.347356 -0.379927 3.069208 1.000000 -0.372161 -0.758313 3.130671 1.000000 -0.400204 -0.822981 3.094465 1.000000 -0.143226 0.142597 2.997877 1.000000 -0.135779 -0.393095 3.094899 1.000000 -0.160023 -0.774507 3.175244 1.000000 -0.150865 -0.828425 3.120526 1.000000
6848452196 -0.217637 0.212331 2.996444 1.000000 -0.228032 0.279617 3.043636 1.000000 -0.231069 0.651805 3.036056 1.000000 -0.188521 0.845468 3.039149 1.000000 -0.365651 0.544157 2.997537 1.000000 -0.447716 0.549884 2.777195 1.000000 -0.301270 0.670898 2.659838 1.000000 -0.242065 0.724609 2.620775 1.000000 -0.070421 0.548730 3.054249 1.000000 0.066343 0.547422 2.833762 1.000000 -0.090762 0.676162 2.656530 1.000000 -0.125277 0.726135 2.609099 1.000000 -0.289266 0.144354 2.977590 1.000000 -0.347313 -0.380284 3.068871 1.000000 -0.372999 -0.759420 3.129046 1.000000 -0.400657 -0.825174 3.101702 1.000000 -0.143506 0.142808 2.998049 1.000000 -0.136014 -0.393811 3.094925 1.000000 -0.160024 -0.774775 3.175422 1.000000 -0.142296 -0.831520 3.095629 1.000000
6848484253 -0.218919 0.215518 2.995277 1.000000 -0.226877 0.282427 3.043951 1.000000 -0.230010 0.654485 3.037148 1.000000 -0.190155 0.848804 3.041454 1.000000 -0.376412 0.557647 3.000989 1.000000 -0.450652 0.557506 2.779578 1.000000 -0.277100 0.724121 2.646164 1.000000 -0.223527 0.765274 2.609126 1.000000 -0.071338 0.543510 3.042144 1.000000 0.072578 0.573461 2.849103 1.000000 -0.092607 0.707799 2.667220 1.000000 -0.127113 0.757759 2.619800 1.000000 -0.291700 0.147802 2.974578 1.000000 -0.347557 -0.381878 3.068310 1.000000 -0.374826 -0.763293 3.130095 1.000000 -0.402927 -0.826289 3.101172 1.000000 -0.144086 0.144493 2.997641 1.000000 -0.135990 -0.393565 3.094585 1.000000 -0.160659 -0.774963 3.175205 1.000000 -0.146361 -0.828619 3.111376 1.000000
6848528913 -0.218091 0.219652 2.994607 1.000000 -0.226207 0.287705 3.043771 1.000000 -0.230775 0.664634 3.035099 1.000000 -0.188277 0.858497 3.040636 1.000000 -0.379052 0.559816 3.000584 1.000000 -0.461587 0.570380 2.785096 1.000000 -0.295548 0.744075 2.658211 1.000000 -0.254523 0.807439 2.643087 1.000000 -0.062816 0.552825 3.043266 1.000000 0.089313 0.600776 2.844615 1.000000 -0.075516 0.741346 2.689550 1.000000 -0.109997 0.791270 2.642164 1.000000 -0.291670 0.148542 2.974218 1.000000 -0.347266 -0.381196 3.067698 1.000000 -0.374247 -0.762576 3.128796 1.000000 -0.402959 -0.826313 3.101176 1.000000 -0.141642 0.147659 2.997246 1.000000 -0.136074 -0.393029 3.094198 1.000000 -0.160655 -0.774915 3.175214 1.000000 -0.147830 -0.829384 3.114368 1.000000
6848559980 -0.218594 0.220419 2.994233 1.000000 -0.227178 0.288426 3.043848 1.000000 -0.232896 0.665028 3.034582 1.000000 -0.191903 0.859711 3.043522 1.000000 -0.380620 0.556398 3.000807 1.000000 -0.474569 0.575732 2.792102 1.000000 -0.349854 0.773926 2.667646 1.000000 -0.299353 0.831948 2.669795 1.000000 -0.059646 0.553937 3.045863 1.000000 0.096910 0.612101 2.850398 1.000000 -0.034698 0.764160 2.708662 1.000000 -0.088028 0.811413 2.679599 1.000000 -0.292408 0.148746 2.974156 1.000000 -0.347219 -0.381170 3.067614 1.000000 -0.373710 -0.761985 3.129318 1.000000 -0.402119 -0.823544 3.099724 1.000000 -0.141320 0.148026 2.996514 1.000000 -0.136026 -0.393249 3.094261 1.000000 -0.160441 -0.774880 3.175100 1.000000 -0.149253 -0.831371 3.105362 1.000000
6848593868 -0.219264 0.224731 2.993559 1.000000 -0.226963 0.290314 3.044064 1.000000 -0.222390 0.659747 3.037474 1.000000 -0.194013 0.855735 3.041915 1.000000 -0.380651 0.556302 3.001643 1.000000 -0.493645 0.591782 2.791628 1.000000 -0.375717 0.795030 2.680887 1.000000 -0.340171 0.863014 2.686240 1.000000 -0.052467 0.551336 3.047588 1.000000 0.111470 0.619867 2.863728 1.000000 -0.005000 0.793687 2.719563 1.000000 -0.051473 0.851632 2.699650 1.000000 -0.294828 0.152827 2.974389 1.000000 -0.347109 -0.380848 3.067459 1.000000 -0.372606 -0.763424 3.129194 1.000000 -0.407218 -0.828172 3.091389 1.000000 -0.142256 0.150272 2.993827 1.000000 -0.136499 -0.391965 3.093742 1.000000 -0.159533 -0.771681 3.174191 1.000000 -0.149661 -0.827674 3.107631 1.000000
6848637623 -0.218715 0.225014 2.993344 1.000000 -0.226317 0.290667 3.044142 1.000000 -0.221515 0.659304 3.036284 1.000000 -0.197013 0.854281 3.034067 1.000000 -0.380415 0.556435 3.001625 1.000000 -0.516613 0.606737 2.786625 1.000000 -0.443848 0.802734 2.706708 1.000000 -0.397217 0.882324 2.700848 1.000000 -0.051884 0.551970 3.047678 1.000000 0.133094 0.619210 2.898449 1.000000 0.070984 0.795410 2.769208 1.000000 0.019562 0.877441 2.734051 1.000000 -0.293955 0.153076 2.974293 1.000000 -0.346969 -0.379025 3.066314 1.000000 -0.371515 -0.761435 3.127709 1.000000 -0.409992 -0.827852 3.108981 1.000000 -0.142049 0.150371 2.993649 1.000000 -0.136510 -0.392536 3.093895 1.000000 -0.159664 -0.771852 3.173997 1.000000 -0.140930 -0.827669 3.093819 1.000000
6848669204 -0.218809 0.224966 2.992777 1.000000 -0.226309 0.290735 3.043836 1.000000 -0.221049 0.658679 3.034343 1.000000 -0.194353 0.849201 3.016217 1.000000 -0.380260 0.556707 3.001203 1.000000 -0.539103 0.591032 2.816856 1.000000 -0.514657 0.778761 2.723448 1.000000 -0.477227 0.875614 2.716681 1.000000 -0.051421 0.552068 3.047004 1.000000 0.146322 0.620086 2.913005 1.000000 0.119934 0.804688 2.798505 1.000000 0.082601 0.890130 2.752320 1.000000 -0.293984 0.153007 2.973561 1.000000 -0.347085 -0.378556 3.066270 1.000000 -0.371186 -0.761103 3.128019 1.000000 -0.410357 -0.826053 3.107267 1.000000 -0.142406 0.150021 2.993191 1.000000 -0.136643 -0.393507 3.094074 1.000000 -0.159441 -0.773093 3.174583 1.000000 -0.141009 -0.828538 3.094040 1.000000
6848700760 -0.218938 0.225091 2.992367 1.000000 -0.226385 0.291046 3.043578 1.000000 -0.219418 0.656354 3.030929 1.000000 -0.194767 0.848422 3.016927 1.000000 -0.380726 0.557021 2.999936 1.000000 -0.557266 0.586353 2.821285 1.000000 -0.540693 0.782475 2.723724 1.000000 -0.532227 0.863281 2.722334 1.000000 -0.049382 0.551803 3.046462 1.000000 0.154137 0.605855 2.937650 1.000000 0.159394 0.798140 2.820954 1.000000 0.135723 0.889005 2.776024 1.000000 -0.294288 0.152961 2.973327 1.000000 -0.346966 -0.378719 3.066244 1.000000 -0.372513 -0.762023 3.128499 1.000000 -0.404976 -0.825902 3.100839 1.000000 -0.142678 0.149562 2.992605 1.000000 -0.136637 -0.394234 3.094465 1.000000 -0.159208 -0.773357 3.174306 1.000000 -0.143057 -0.830132 3.094178 1.000000
6848743438 -0.218988 0.226059 2.991045 1.000000 -0.225914 0.292151 3.042112 1.000000 -0.218260 0.655753 3.026871 1.000000 -0.196411 0.849130 3.016204 1.000000 -0.382538 0.557440 2.999045 1.000000 -0.578690 0.577727 2.831540 1.000000 -0.593714 0.762023 2.728464 1.000000 -0.583536 0.864266 2.711809 1.000000 -0.045793 0.549657 3.043985 1.000000 0.166340 0.597929 2.944045 1.000000 0.198975 0.832520 2.825850 1.000000 0.195566 0.908883 2.817123 1.000000 -0.294681 0.153122 2.972927 1.000000 -0.346765 -0.378152 3.065977 1.000000 -0.371996 -0.761327 3.128262 1.000000 -0.404246 -0.824715 3.100594 1.000000 -0.142536 0.149331 2.990908 1.000000 -0.136400 -0.392593 3.093861 1.000000 -0.159228 -0.773048 3.174603 1.000000 -0.145358 -0.822547 3.102409 1.000000
6848776445 -0.218829 0.226615 2.990671 1.000000 -0.225722 0.292760 3.041524 1.000000 -0.218161 0.655260 3.024875 1.000000 -0.195489 0.849154 3.016364 1.000000 -0.384580 0.557707 2.997332 1.000000 -0.605383 0.565411 2.836266 1.000000 -0.635776 0.744027 2.725854 1.000000 -0.640075 0.818625 2.707638 1.000000 -0.042698 0.548681 3.043073 1.000000 0.173047 0.584550 2.956986 1.000000 0.245605 0.775879 2.843429 1.000000 0.253906 0.857422 2.823898 1.000000 -0.294802 0.153082 2.972728 1.000000 -0.346437 -0.378073 3.065969 1.000000 -0.373015 -0.762131 3.129437 1.000000 -0.401485 -0.821701 3.097054 1.000000 -0.142204 0.149190 2.990766 1.000000 -0.136434 -0.392412 3.093823 1.000000 -0.158973 -0.772290 3.174476 1.000000 -0.145409 -0.821848 3.104053 1.000000
6848809536 -0.218649 0.226829 2.990151 1.000000 -0.225553 0.293147 3.040557 1.000000 -0.217940 0.655262 3.022945 1.000000 -0.193537 0.848727 3.013339 1.000000 -0.384851 0.557745 2.996981 1.000000 -0.623460 0.541741 2.848350 1.000000 -0.690649 0.699178 2.721096 1.000000 -0.700110 0.772027 2.698390 1.000000 -0.040073 0.547122 3.043894 1.000000 0.200559 0.561742 2.969582 1.000000 0.281131 0.719775 2.852308 1.000000 0.309336 0.813924 2.818219 1.000000 -0.294888 0.152874 2.972071 1.000000 -0.346369 -0.378158 3.065967 1.000000 -0.373174 -0.763068 3.130244 1.000000 -0.406061 -0.827228 3.091304 1.000000 -0.141828 0.148740 2.990502 1.000000 -0.136534 -0.392179 3.093781 1.000000 -0.158681 -0.772098 3.174404 1.000000 -0.148471 -0.823206 3.114822 1.000000
6848843399 -0.218472 0.227080 2.989598 1.000000 -0.225730 0.293357 3.039692 1.000000 -0.218073 0.655017 3.022201 1.000000 -0.194256 0.848016 3.010323 1.000000 -0.385440 0.557445 2.996815 1.000000 -0.601563 0.481689 2.906026 1.000000 -0.725586 0.639160 2.736009 1.000000 -0.755986 0.699961 2.700244 1.000000 -0.038358 0.545153 3.046745 1.000000 0.218507 0.555018 2.962008 1.000000 0.337992 0.687262 2.846150 1.000000 0.362549 0.748535 2.825853 1.000000 -0.294962 0.152733 2.971505 1.000000 -0.346279 -0.378119 3.065856 1.000000 -0.373030 -0.762663 3.129869 1.000000 -0.404671 -0.823873 3.098450 1.000000 -0.141321 0.148381 2.989973 1.000000 -0.136539 -0.391909 3.093574 1.000000 -0.158682 -0.771309 3.174042 1.000000 -0.148641 -0.823179 3.114835 1.000000
6848887664 -0.218461 0.227206 2.989095 1.000000 -0.225821 0.293587 3.038488 1.000000 -0.218442 0.652436 3.019048 1.000000 -0.193525 0.846021 3.009630 1.000000 -0.387943 0.556328 2.997443 1.000000 -0.601563 0.436523 2.927511 1.000000 -0.732980 0.506713 2.772370 1.000000 -0.783691 0.559082 2.712572 1.000000 -0.037614 0.542938 3.049175 1.000000 0.176147 0.468018 3.013449 1.000000 0.378453 0.605437 2.867759 1.000000 0.441816 0.645990 2.852551 1.000000 -0.295519 0.152111 2.969944 1.000000 -0.346160 -0.378252 3.065728 1.000000 -0.372808 -0.761588 3.128571 1.000000 -0.403745 -0.823718 3.098311 1.000000 -0.140979 0.147782 2.990013 1.000000 -0.136521 -0.391503 3.093352 1.000000 -0.158665 -0.771294 3.173927 1.000000 -0.148366 -0.822939 3.114112 1.000000
6848919145 -0.218312 0.226849 2.988648 1.000000 -0.225830 0.293202 3.037550 1.000000 -0.218659 0.652111 3.018623 1.000000 -0.193484 0.845641 3.008862 1.000000 -0.389703 0.553516 2.997461 1.000000 -0.572754 0.403320 2.976341 1.000000 -0.721191 0.394775 2.798510 1.000000 -0.766717 0.409743 2.738641 1.000000 -0.037597 0.541562 3.051111 1.000000 0.159558 0.428202 3.032410 1.000000 0.378174 0.469971 2.882494 1.000000 0.447504 0.500224 2.869889 1.000000 -0.295598 0.150832 2.968872 1.000000 -0.346277 -0.378300 3.065063 1.000000 -0.373268 -0.762443 3.130069 1.000000 -0.405146 -0.824950 3.093739 1.000000 -0.140327 0.146654 2.989877 1.000000 -0.136577 -0.391496 3.093253 1.000000 -0.158494 -0.771243 3.174033 1.000000 -0.148542 -0.823057 3.114043 1.000000
6848961414 -0.218013 0.226147 2.988068 1.000000 -0.225371 0.292694 3.036315 1.000000 -0.218537 0.651971 3.016849 1.000000 -0.191516 0.844650 3.004599 1.000000 -0.390938 0.548569 2.998103 1.000000 -0.569770 0.382434 2.985624 1.000000 -0.711426 0.323730 2.812183 1.000000 -0.767984 0.313687 2.761439 1.000000 -0.037934 0.539877 3.051690 1.000000 0.147886 0.399304 3.032862 1.000000 0.379639 0.374268 2.900073 1.000000 0.453009 0.378615 2.878334 1.000000 -0.295492 0.149593 2.968509 1.000000 -0.346195 -0.378397 3.065003 1.000000 -0.373355 -0.761854 3.130360 1.000000 -0.404357 -0.823987 3.093707 1.000000 -0.139769 0.145671 2.989579 1.000000 -0.136776 -0.391344 3.092879 1.000000 -0.158410 -0.771170 3.173890 1.000000 -0.148798 -0.823111 3.118339 1.000000
6848994371 -0.217856 0.224281 2.987228 1.000000 -0.225118 0.291104 3.034867 1.000000 -0.218744 0.651271 3.015524 1.000000 -0.192204 0.844395 3.004391 1.000000 -0.391982 0.540688 2.997868 1.000000 -0.556830 0.363227 2.987285 1.000000 -0.683105 0.252197 2.825855 1.000000 -0.734863 0.226074 2.769214 1.000000 -0.039329 0.534594 3.051212 1.000000 0.132189 0.375631 3.034427 1.000000 0.320923 0.300659 2.928394 1.000000 0.415560 0.281409 2.890585 1.000000 -0.295567 0.147362 2.967958 1.000000 -0.346070 -0.378002 3.064696 1.000000 -0.373409 -0.761085 3.130647 1.000000 -0.403646 -0.822790 3.094007 1.000000 -0.139343 0.143615 2.989146 1.000000 -0.136679 -0.391068 3.092543 1.000000 -0.158292 -0.770950 3.173871 1.000000 -0.148878 -0.823050 3.118100 1.000000
6849027489 -0.217630 0.222552 2.986599 1.000000 -0.225278 0.289733 3.033638 1.000000 -0.220074 0.650720 3.014302 1.000000 -0.191186 0.841690 2.996601 1.000000 -0.391872 0.539200 2.997463 1.000000 -0.517578 0.329346 2.995875 1.000000 -0.634791 0.193079 2.882793 1.000000 -0.686994 0.133869 2.815524 1.000000 -0.040127 0.531994 3.052406 1.000000 0.111108 0.348605 3.036468 1.000000 0.268925 0.237435 2.952658 1.000000 0.350825 0.187600 2.913099 1.000000 -0.295203 0.145695 2.967576 1.000000 -0.346136 -0.379623 3.064909 1.000000 -0.373551 -0.761094 3.130529 1.000000 -0.402561 -0.821760 3.095033 1.000000 -0.138788 0.141813 2.988881 1.000000 -0.136657 -0.391608 3.092615 1.000000 -0.159170 -0.772315 3.174982 1.000000 -0.140707 -0.830894 3.096875 1.000000
6849061128 -0.216771 0.220998 2.985872 1.000000 -0.224649 0.288187 3.032217 1.000000 -0.221266 0.648447 3.012552 1.000000 -0.191750 0.840545 2.998756 1.000000 -0.391615 0.536288 2.995975 1.000000 -0.512100 0.321866 2.996718 1.000000 -0.582793 0.153334 2.889300 1.000000 -0.627930 0.087280 2.833669 1.000000 -0.041068 0.531343 3.051332 1.000000 0.091083 0.335818 3.038108 1.000000 0.253906 0.154541 2.944997 1.000000 0.309814 0.104370 2.909841 1.000000 -0.293841 0.143819 2.966792 1.000000 -0.346003 -0.379624 3.064704 1.000000 -0.373451 -0.760723 3.131321 1.000000 -0.402166 -0.821973 3.102778 1.000000 -0.137836 0.140740 2.988688 1.000000 -0.136633 -0.391573 3.092567 1.000000 -0.158671 -0.771875 3.174822 1.000000 -0.148269 -0.827196 3.119774 1.000000
6849105365 -0.216454 0.220331 2.985569 1.000000 -0.224307 0.287686 3.031477 1.000000 -0.221107 0.648476 3.012470 1.000000 -0.192611 0.841996 3.003089 1.000000 -0.391709 0.535506 2.995668 1.000000 -0.475098 0.289551 2.986110 1.000000 -0.534180 0.083130 2.882497 1.000000 -0.558594 0.015160 2.843435 1.000000 -0.041717 0.530900 3.051195 1.000000 0.055359 0.295410 3.029079 1.000000 0.187378 0.094116 2.943044 1.000000 0.234253 0.021515 2.927419 1.000000 -0.293505 0.143037 2.966283 1.000000 -0.345981 -0.379901 3.064646 1.000000 -0.372152 -0.759506 3.130815 1.000000 -0.400800 -0.820841 3.102063 1.000000 -0.137591 0.140253 2.988693 1.000000 -0.136653 -0.391608 3.092522 1.000000 -0.158619 -0.771815 3.174769 1.000000 -0.149188 -0.826990 3.121569 1.000000
6849137626 -0.216503 0.218334 2.985329 1.000000 -0.224535 0.286039 3.030883 1.000000 -0.221686 0.648130 3.012550 1.000000 -0.192128 0.841944 3.004688 1.000000 -0.391096 0.534597 2.994634 1.000000 -0.462485 0.287803 2.989108 1.000000 -0.469971 0.085144 2.880545 1.000000 -0.483154 0.002289 2.855154 1.000000 -0.044312 0.529808 3.050499 1.000000 0.033132 0.294106 3.030384 1.000000 0.111328 0.078613 2.913748 1.000000 0.143188 0.006748 2.894217 1.000000 -0.293081 0.141939 2.966096 1.000000 -0.345929 -0.379840 3.064618 1.000000 -0.372209 -0.758728 3.130250 1.000000 -0.399941 -0.819891 3.100626 1.000000 -0.137864 0.139083 2.988712 1.000000 -0.136878 -0.393448 3.092281 1.000000 -0.158685 -0.772030 3.174513 1.000000 -0.145378 -0.830819 3.095592 1.000000
6849168686 -0.215616 0.215283 2.984700 1.000000 -0.223787 0.283303 3.029877 1.000000 -0.221738 0.647173 3.012066 1.000000 -0.192731 0.841516 3.005705 1.000000 -0.389521 0.532508 2.993454 1.000000 -0.447968 0.280729 2.987401 1.000000 -0.427499 0.090227 2.878739 1.000000 -0.426514 0.011475 2.827811 1.000000 -0.048249 0.529514 3.048702 1.000000 0.014095 0.282406 3.029513 1.000000 0.055511 0.083313 2.890311 1.000000 0.068787 0.002583 2.837577 1.000000 -0.291231 0.139641 2.965624 1.000000 -0.346002 -0.380299 3.064744 1.000000 -0.370657 -0.756471 3.128333 1.000000 -0.399811 -0.819627 3.100696 1.000000 -0.137804 0.138036 2.988590 1.000000 -0.136667 -0.394141 3.092397 1.000000 -0.158580 -0.772279 3.174775 1.000000 -0.146341 -0.831356 3.095893 1.000000
6849211222 -0.215329 0.214874 2.984202 1.000000 -0.223625 0.282940 3.029285 1.000000 -0.221892 0.647133 3.012130 1.000000 -0.193086 0.841732 3.006406 1.000000 -0.389356 0.532350 2.993117 1.000000 -0.444457 0.284421 2.985699 1.000000 -0.405134 0.109749 2.871099 1.000000 -0.377922 0.022181 2.822523 1.000000 -0.048452 0.529398 3.048675 1.000000 0.005254 0.279031 3.030177 1.000000 0.006518 0.107455 2.903344 1.000000 0.008473 0.032659 2.831441 1.000000 -0.290635 0.139248 2.964903 1.000000 -0.345906 -0.380267 3.064799 1.000000 -0.370630 -0.756185 3.128000 1.000000 -0.399327 -0.818762 3.098818 1.000000 -0.137514 0.137600 2.988051 1.000000 -0.136554 -0.394437 3.093341 1.000000 -0.158435 -0.772650 3.174670 1.000000 -0.146517 -0.831949 3.096378 1.000000
6849245367 -0.214790 0.214255 2.982776 1.000000 -0.223201 0.282399 3.028424 1.000000 -0.221558 0.647719 3.012813 1.000000 -0.192555 0.842252 3.006684 1.000000 -0.388485 0.532204 2.993184 1.000000 -0.440107 0.290922 2.982670 1.000000 -0.394390 0.126476 2.854461 1.000000 -0.345061 0.062418 2.789418 1.000000 -0.048457 0.529397 3.048672 1.000000 -0.003232 0.283904 3.029693 1.000000 -0.005684 0.123779 2.887149 1.000000 -0.024231 0.057166 2.809779 1.000000 -0.289705 0.138994 2.962434 1.000000 -0.345281 -0.380877 3.065558 1.000000 -0.370599 -0.756760 3.128303 1.000000 -0.399343 -0.818863 3.098750 1.000000 -0.137166 0.136840 2.986496 1.000000 -0.136424 -0.394710 3.093333 1.000000 -0.158140 -0.772064 3.174549 1.000000 -0.146264 -0.831606 3.098007 1.000000
6849278342 -0.214694 0.214452 2.982089 1.000000 -0.223203 0.282456 3.027940 1.000000 -0.222130 0.647963 3.012852 1.000000 -0.192373 0.843080 3.009477 1.000000 -0.388494 0.532327 2.993208 1.000000 -0.438699 0.299507 2.980829 1.000000 -0.386009 0.137693 2.851908 1.000000 -0.345215 0.127441 2.810235 1.000000 -0.048346 0.529314 3.048655 1.000000 -0.005602 0.309835 3.030664 1.000000 -0.021282 0.146543 2.893162 1.000000 -0.056244 0.093506 2.775079 1.000000 -0.289416 0.139153 2.961446 1.000000 -0.344951 -0.381338 3.066463 1.000000 -0.371157 -0.757121 3.128586 1.000000 -0.399380 -0.818991 3.098923 1.000000 -0.136996 0.136815 2.985804 1.000000 -0.136455 -0.395234 3.093530 1.000000 -0.157972 -0.772474 3.174647 1.000000 -0.146330 -0.831496 3.098084 1.000000
6849322365 -0.214492 0.214027 2.981516 1.000000 -0.223111 0.281823 3.027694 1.000000 -0.222616 0.647040 3.013516 1.000000 -0.192135 0.841763 3.008677 1.000000 -0.388113 0.532186 2.993249 1.000000 -0.439894 0.306194 2.979156 1.000000 -0.374287 0.159889 2.836941 1.000000 -0.341562 0.145503 2.781013 1.000000 -0.048342 0.529269 3.048648 1.000000 -0.005630 0.312112 3.025570 1.000000 -0.056324 0.166602 2.845767 1.000000 -0.073487 0.117340 2.789558 1.000000 -0.289024 0.138968 2.961221 1.000000 -0.344901 -0.381390 3.066699 1.000000 -0.371151 -0.756683 3.128598 1.000000 -0.399407 -0.819034 3.099052 1.000000 -0.136875 0.136206 2.984104 1.000000 -0.136394 -0.395347 3.093519 1.000000 -0.158221 -0.772759 3.174358 1.000000 -0.146331 -0.831408 3.098148 1.000000
6849354713 -0.214440 0.213684 2.981596 1.000000 -0.222909 0.281136 3.028344 1.000000 -0.221341 0.646656 3.016368 1.000000 -0.192741 0.841477 3.010519 1.000000 -0.387579 0.531901 2.994181 1.000000 -0.439906 0.308792 2.977492 1.000000 -0.363139 0.193635 2.811934 1.000000 -0.299805 0.156616 2.749692 1.000000 -0.048399 0.529148 3.048509 1.000000 -0.006968 0.313780 3.017371 1.000000 -0.035943 0.168233 2.861578 1.000000 -0.069566 0.112231 2.780978 1.000000 -0.288853 0.138669 2.961608 1.000000 -0.344687 -0.381346 3.066956 1.000000 -0.371730 -0.756794 3.129965 1.000000 -0.399316 -0.819020 3.098787 1.000000 -0.137109 0.135924 2.983728 1.000000 -0.136320 -0.395152 3.093505 1.000000 -0.158169 -0.772729 3.174888 1.000000 -0.151889 -0.826132 3.120486 1.000000
6849385814 -0.214556 0.213453 2.981646 1.000000 -0.223064 0.280526 3.029157 1.000000 -0.222673 0.647547 3.019779 1.000000 -0.192426 0.841543 3.011385 1.000000 -0.386839 0.531733 2.994969 1.000000 -0.443009 0.314876 2.969926 1.000000 -0.334486 0.194889 2.797899 1.000000 -0.297718 0.154238 2.744283 1.000000 -0.048485 0.529302 3.048502 1.000000 -0.005010 0.313952 3.009510 1.000000 -0.037325 0.167435 2.855500 1.000000 -0.069570 0.116887 2.770844 1.000000 -0.288804 0.138562 2.961714 1.000000 -0.344707 -0.381104 3.067024 1.000000 -0.371918 -0.756761 3.130162 1.000000 -0.399303 -0.818703 3.099017 1.000000 -0.137456 0.135826 2.983418 1.000000 -0.135682 -0.394250 3.093763 1.000000 -0.158149 -0.772735 3.174854 1.000000 -0.152469 -0.825965 3.121949 1.000000
6849427491 -0.214612 0.213510 2.981808 1.000000 -0.222880 0.280348 3.030084 1.000000 -0.221476 0.647529 3.021698 1.000000 -0.193334 0.842684 3.016541 1.000000 -0.387941 0.531016 2.996744 1.000000 -0.444415 0.318441 2.967784 1.000000 -0.373032 0.199359 2.775419 1.000000 -0.348832 0.158989 2.714874 1.000000 -0.048418 0.529379 3.048600 1.000000 -0.004712 0.314214 3.003356 1.000000 -0.032320 0.171895 2.844173 1.000000 -0.067260 0.118331 2.762471 1.000000 -0.288998 0.138515 2.962179 1.000000 -0.344658 -0.380886 3.066952 1.000000 -0.371962 -0.756531 3.130199 1.000000 -0.399297 -0.818710 3.099130 1.000000 -0.137593 0.135847 2.983305 1.000000 -0.136163 -0.393273 3.093982 1.000000 -0.158378 -0.772548 3.175356 1.000000 -0.151800 -0.824007 3.120374 1.000000
6849461190 -0.214783 0.213488 2.981899 1.000000 -0.222850 0.280145 3.030854 1.000000 -0.222081 0.647675 3.022847 1.000000 -0.193105 0.842584 3.018079 1.000000 -0.388250 0.530617 2.998307 1.000000 -0.444714 0.320913 2.965430 1.000000 -0.366304 0.204531 2.774266 1.000000 -0.339725 0.165081 2.714137 1.000000 -0.048386 0.529308 3.047847 1.000000 -0.002692 0.314828 3.000985 1.000000 -0.051788 0.172363 2.821963 1.000000 -0.077837 0.132634 2.761785 1.000000 -0.289157 0.138503 2.962306 1.000000 -0.344683 -0.380970 3.066995 1.000000 -0.369706 -0.755855 3.130302 1.000000 -0.399317 -0.818799 3.099256 1.000000 -0.137801 0.135767 2.983172 1.000000 -0.136023 -0.393208 3.093798 1.000000 -0.158336 -0.772622 3.175476 1.000000 -0.151606 -0.824178 3.120827 1.000000
6849495349 -0.214923 0.213455 2.981993 1.000000 -0.222737 0.279963 3.031543 1.000000 -0.221365 0.648484 3.024390 1.000000 -0.196388 0.845523 3.028123 1.000000 -0.388182 0.530649 3.000723 1.000000 -0.444670 0.321293 2.964898 1.000000 -0.387406 0.193537 2.801036 1.000000 -0.343908 0.152374 2.716294 1.000000 -0.048290 0.529770 3.048380 1.000000 0.000402 0.315674 3.000186 1.000000 -0.051621 0.172504 2.822109 1.000000 -0.077521 0.133556 2.761325 1.000000 -0.289112 0.138479 2.962368 1.000000 -0.344661 -0.380937 3.067036 1.000000 -0.369571 -0.755634 3.130189 1.000000 -0.397199 -0.817844 3.095986 1.000000 -0.139221 0.135646 2.982919 1.000000 -0.135795 -0.392563 3.093506 1.000000 -0.158247 -0.771762 3.174941 1.000000 -0.150956 -0.823751 3.119458 1.000000
6849538356 -0.214906 0.213485 2.982103 1.000000 -0.222635 0.279867 3.032190 1.000000 -0.221557 0.648217 3.024869 1.000000 -0.196807 0.844943 3.027925 1.000000 -0.388594 0.530217 3.001739 1.000000 -0.444988 0.321688 2.965659 1.000000 -0.387492 0.193530 2.802288 1.000000 -0.343259 0.149783 2.719248 1.000000 -0.048305 0.529790 3.048461 1.000000 0.000801 0.315701 2.999711 1.000000 -0.021292 0.175244 2.837973 1.000000 -0.060284 0.120942 2.758619 1.000000 -0.289084 0.138411 2.962693 1.000000 -0.344618 -0.381140 3.067095 1.000000 -0.369851 -0.755651 3.130228 1.000000 -0.397200 -0.817593 3.096098 1.000000 -0.139107 0.135734 2.982836 1.000000 -0.135877 -0.392550 3.093391 1.000000 -0.158276 -0.772087 3.175176 1.000000 -0.151253 -0.823865 3.120100 1.000000
6849569785 -0.214821 0.213532 2.982180 1.000000 -0.222327 0.279789 3.032799 1.000000 -0.220755 0.648175 3.025795 1.000000 -0.195007 0.844252 3.025978 1.000000 -0.388659 0.529539 3.003657 1.000000 -0.445318 0.321973 2.965751 1.000000 -0.388354 0.192837 2.803080 1.000000 -0.343827 0.146504 2.721623 1.000000 -0.047672 0.529499 3.049317 1.000000 0.001059 0.316630 3.000705 1.000000 -0.020674 0.175667 2.839457 1.000000 -0.058106 0.120720 2.759806 1.000000 -0.289079 0.138420 2.962809 1.000000 -0.344675 -0.381071 3.066887 1.000000 -0.369709 -0.755609 3.129135 1.000000 -0.395932 -0.816805 3.094278 1.000000 -0.138891 0.135740 2.982657 1.000000 -0.136147 -0.392405 3.092988 1.000000 -0.158222 -0.772061 3.175114 1.000000 -0.150557 -0.824859 3.118773 1.000000
6849611143 -0.214701 0.213461 2.982680 1.000000 -0.222192 0.279774 3.033705 1.000000 -0.220563 0.648629 3.026128 1.000000 -0.194370 0.844823 3.026910 1.000000 -0.388579 0.529844 3.003805 1.000000 -0.445640 0.322058 2.965824 1.000000 -0.388208 0.192787 2.803513 1.000000 -0.343042 0.145361 2.722982 1.000000 -0.047713 0.529291 3.049257 1.000000 0.001721 0.316947 3.001417 1.000000 -0.043274 0.174194 2.839551 1.000000 -0.073007 0.132692 2.761518 1.000000 -0.288939 0.138320 2.963773 1.000000 -0.344798 -0.380776 3.066971 1.000000 -0.369025 -0.755038 3.128811 1.000000 -0.403669 -0.820827 3.103858 1.000000 -0.138799 0.135734 2.982814 1.000000 -0.136010 -0.392414 3.093007 1.000000 -0.158192 -0.772274 3.174504 1.000000 -0.149858 -0.824486 3.117425 1.000000
6849645337 -0.214633 0.213518 2.982948 1.000000 -0.222154 0.279726 3.034441 1.000000 -0.219707 0.648760 3.027238 1.000000 -0.194870 0.845247 3.028332 1.000000 -0.388567 0.529951 3.004077 1.000000 -0.446014 0.322437 2.965705 1.000000 -0.388324 0.192120 2.804474 1.000000 -0.342676 0.143838 2.724657 1.000000 -0.047645 0.529010 3.050254 1.000000 0.001855 0.316879 3.002206 1.000000 -0.042712 0.174246 2.838723 1.000000 -0.072470 0.128556 2.758325 1.000000 -0.288948 0.138367 2.963877 1.000000 -0.344995 -0.380274 3.067071 1.000000 -0.369852 -0.755298 3.128237 1.000000 -0.400398 -0.818157 3.097576 1.000000 -0.138749 0.135738 2.982949 1.000000 -0.135998 -0.392245 3.092708 1.000000 -0.158209 -0.771555 3.174150 1.000000 -0.150317 -0.824244 3.119244 1.000000
6849678347 -0.214587 0.213589 2.983363 1.000000 -0.222167 0.279757 3.035315 1.000000 -0.219539 0.649561 3.028552 1.000000 -0.194199 0.845859 3.028780 1.000000 -0.388489 0.529905 3.004312 1.000000 -0.445807 0.322659 2.964712 1.000000 -0.388486 0.190890 2.804694 1.000000 -0.341424 0.141841 2.726103 1.000000 -0.047789 0.529105 3.050979 1.000000 0.001572 0.316572 3.002575 1.000000 -0.051387 0.176192 2.819962 1.000000 -0.069713 0.127617 2.761542 1.000000 -0.288844 0.138481 2.964294 1.000000 -0.345000 -0.380264 3.067048 1.000000 -0.370076 -0.755162 3.127138 1.000000 -0.399476 -0.817225 3.093586 1.000000 -0.138754 0.135814 2.983098 1.000000 -0.136210 -0.392056 3.092097 1.000000 -0.158060 -0.771446 3.173978 1.000000 -0.150324 -0.824244 3.119243 1.000000
6849711212 -0.214449 0.213698 2.983609 1.000000 -0.222017 0.279749 3.035931 1.000000 -0.219258 0.649413 3.029364 1.000000 -0.194286 0.845565 3.028426 1.000000 -0.388486 0.529983 3.004361 1.000000 -0.445849 0.323365 2.963328 1.000000 -0.387706 0.186143 2.808815 1.000000 -0.342009 0.138057 2.728752 1.000000 -0.047947 0.529484 3.051101 1.000000 0.001598 0.316412 3.002811 1.000000 -0.041052 0.173120 2.839483 1.000000 -0.069270 0.125441 2.761935 1.000000 -0.288758 0.138570 2.964468 1.000000 -0.345209 -0.379826 3.066720 1.000000 -0.371175 -0.759428 3.127032 1.000000 -0.413061 -0.832246 3.074676 1.000000 -0.138593 0.135978 2.983189 1.000000 -0.136370 -0.392096 3.092340 1.000000 -0.158037 -0.771327 3.173964 1.000000 -0.150318 -0.824226 3.119304 1.000000
6849755146 -0.214426 0.213840 2.984170 1.000000 -0.222023 0.279789 3.036720 1.000000 -0.219535 0.649108 3.029720 1.000000 -0.194394 0.845236 3.028531 1.000000 -0.388562 0.530508 3.004699 1.000000 -0.445372 0.323194 2.963054 1.000000 -0.387462 0.185690 2.808785 1.000000 -0.341235 0.137135 2.729233 1.000000 -0.047949 0.529506 3.051138 1.000000 0.001609 0.315936 3.003829 1.000000 -0.040283 0.173025 2.842365 1.000000 -0.067273 0.124954 2.769444 1.000000 -0.288733 0.138696 2.964876 1.000000 -0.345497 -0.380552 3.067471 1.000000 -0.369952 -0.759403 3.127637 1.000000 -0.402755 -0.822109 3.092895 1.000000 -0.138453 0.136058 2.983724 1.000000 -0.136421 -0.392096 3.092308 1.000000 -0.157966 -0.771173 3.173813 1.000000 -0.150309 -0.824504 3.121105 1.000000
6849786493 -0.214528 0.213889 2.984557 1.000000 -0.222441 0.279787 3.037220 1.000000 -0.220693 0.648613 3.029583 1.000000 -0.194419 0.844575 3.028073 1.000000 -0.388456 0.531136 3.004311 1.000000 -0.445044 0.323387 2.962592 1.000000 -0.387452 0.184419 2.809702 1.000000 -0.341365 0.135548 2.730191 1.000000 -0.048279 0.530018 3.052257 1.000000 0.001667 0.315979 3.005702 1.000000 -0.039854 0.172508 2.843062 1.000000 -0.067695 0.124426 2.769922 1.000000 -0.288716 0.138844 2.965275 1.000000 -0.345518 -0.380658 3.067495 1.000000 -0.370094 -0.758000 3.125760 1.000000 -0.407312 -0.824669 3.102256 1.000000 -0.138470 0.136103 2.984219 1.000000 -0.136633 -0.393959 3.093320 1.000000 -0.157807 -0.773443 3.174201 1.000000 -0.144983 -0.832047 3.095404 1.000000
6849817671 -0.214510 0.214158 2.985196 1.000000 -0.222480 0.280133 3.037976 1.000000 -0.220472 0.649203 3.029723 1.000000 -0.194301 0.845275 3.028427 1.000000 -0.388489 0.531395 3.004251 1.000000 -0.444877 0.322855 2.961793 1.000000 -0.384022 0.180835 2.813514 1.000000 -0.338407 0.130827 2.734366 1.000000 -0.048537 0.530245 3.052665 1.000000 0.002045 0.316080 3.008471 1.000000 -0.039247 0.172968 2.844053 1.000000 -0.068548 0.124229 2.774475 1.000000 -0.288707 0.139212 2.965961 1.000000 -0.345512 -0.380120 3.067756 1.000000 -0.369653 -0.756082 3.125177 1.000000 -0.401431 -0.821370 3.098014 1.000000 -0.138484 0.136387 2.984979 1.000000 -0.136546 -0.393779 3.093321 1.000000 -0.157935 -0.773226 3.174306 1.000000 -0.146422 -0.828158 3.112504 1.000000
6849861197 -0.214517 0.214495 2.985461 1.000000 -0.222726 0.280363 3.038388 1.000000 -0.220623 0.649183 3.029948 1.000000 -0.194310 0.844795 3.026425 1.000000 -0.388919 0.531277 3.004580 1.000000 -0.445104 0.323257 2.961479 1.000000 -0.385056 0.180464 2.813724 1.000000 -0.336379 0.125675 2.739667 1.000000 -0.048739 0.530531 3.054460 1.000000 0.001407 0.317476 3.013087 1.000000 -0.040000 0.171494 2.846917 1.000000 -0.069016 0.122764 2.776329 1.000000 -0.288763 0.139406 2.966023 1.000000 -0.345482 -0.379659 3.067578 1.000000 -0.370318 -0.755812 3.124893 1.000000 -0.399237 -0.819172 3.095693 1.000000 -0.138326 0.136625 2.985278 1.000000 -0.135643 -0.392479 3.093319 1.000000 -0.158141 -0.774172 3.176179 1.000000 -0.145999 -0.828277 3.111843 1.000000
6849894233 -0.214775 0.214152 2.985541 1.000000 -0.223142 0.279929 3.038612 1.000000 -0.221604 0.648253 3.029768 1.000000 -0.194426 0.842948 3.023864 1.000000 -0.388844 0.531324 3.004069 1.000000 -0.445945 0.322630 2.962778 1.000000 -0.367432 0.168823 2.820031 1.000000 -0.332357 0.134063 2.760974 1.000000 -0.049185 0.530456 3.054245 1.000000 0.000003 0.317126 3.014310 1.000000 -0.036304 0.171659 2.855603 1.000000 -0.070637 0.117843 2.780086 1.000000 -0.288920 0.139230 2.966140 1.000000 -0.345669 -0.380008 3.068051 1.000000 -0.369961 -0.756927 3.127822 1.000000 -0.399791 -0.819925 3.094701 1.000000 -0.138460 0.136471 2.985287 1.000000 -0.135813 -0.393306 3.094246 1.000000 -0.158380 -0.774352 3.175708 1.000000 -0.143306 -0.830530 3.095564 1.000000
6849927497 -0.214934 0.214131 2.985481 1.000000 -0.223354 0.279970 3.038646 1.000000 -0.221632 0.648005 3.028819 1.000000 -0.196441 0.843090 3.024371 1.000000 -0.388931 0.531633 3.003581 1.000000 -0.446556 0.321878 2.964227 1.000000 -0.372961 0.168040 2.824455 1.000000 -0.334687 0.119759 2.778341 1.000000 -0.049519 0.530440 3.054075 1.000000 -0.001471 0.317557 3.017043 1.000000 -0.045513 0.149320 2.852587 1.000000 -0.084530 0.088792 2.788784 1.000000 -0.289263 0.139249 2.966087 1.000000 -0.345617 -0.379992 3.068131 1.000000 -0.370171 -0.757809 3.128560 1.000000 -0.399807 -0.820976 3.094822 1.000000 -0.138537 0.136471 2.985284 1.000000 -0.136190 -0.392922 3.094579 1.000000 -0.158632 -0.772452 3.175690 1.000000 -0.142740 -0.826363 3.101291 1.000000
6849961347 -0.214979 0.214115 2.985476 1.000000 -0.223430 0.280025 3.038741 1.000000 -0.221682 0.648175 3.028117 1.000000 -0.196082 0.843636 3.025331 1.000000 -0.389031 0.531725 3.003688 1.000000 -0.447122 0.321597 2.965710 1.000000 -0.377286 0.152232 2.832393 1.000000 -0.298662 0.088705 2.807167 1.000000 -0.049822 0.530509 3.054254 1.000000 -0.001859 0.317600 3.017895 1.000000 -0.036562 0.154334 2.870616 1.000000 -0.080442 0.087652 2.803670 1.000000 -0.289504 0.139212 2.966187 1.000000 -0.345631 -0.381364 3.068420 1.000000 -0.370126 -0.757896 3.128567 1.000000 -0.412722 -0.834843 3.120291 1.000000 -0.138535 0.136473 2.985283 1.000000 -0.136855 -0.394405 3.095459 1.000000 -0.158559 -0.772638 3.175684 1.000000 -0.144611 -0.828905 3.100824 1.000000
6850005551 -0.215139 0.214081 2.985317 1.000000 -0.223765 0.280008 3.038645 1.000000 -0.222750 0.648290 3.027627 1.000000 -0.196634 0.844307 3.027490 1.000000 -0.389155 0.531861 3.003306 1.000000 -0.445368 0.312273 2.964402 1.000000 -0.378340 0.132380 2.839595 1.000000 -0.341797 0.056976 2.827843 1.000000 -0.049908 0.530522 3.054352 1.000000 -0.002214 0.317050 3.018656 1.000000 -0.044266 0.130653 2.885664 1.000000 -0.079725 0.043920 2.840094 1.000000 -0.289804 0.139209 2.966035 1.000000 -0.345695 -0.381273 3.068268 1.000000 -0.371157 -0.757880 3.130102 1.000000 -0.404810 -0.826790 3.108334 1.000000 -0.138478 0.136433 2.985114 1.000000 -0.137262 -0.396165 3.096188 1.000000 -0.158424 -0.773569 3.175946 1.000000 -0.145453 -0.829906 3.099872 1.000000
6850038061 -0.215364 0.214107 2.985366 1.000000 -0.224215 0.280075 3.038734 1.000000 -0.223425 0.648491 3.027288 1.000000 -0.198626 0.843566 3.023000 1.000000 -0.389362 0.531964 3.002615 1.000000 -0.445213 0.308352 2.965597 1.000000 -0.384324 0.094358 2.859571 1.000000 -0.352635 0.025952 2.843943 1.000000 -0.050278 0.530706 3.054757 1.000000 -0.002583 0.316716 3.020180 1.000000 -0.047029 0.107642 2.897492 1.000000 -0.074122 0.009224 2.876744 1.000000 -0.290395 0.139260 2.966126 1.000000 -0.345724 -0.381107 3.068243 1.000000 -0.370732 -0.758030 3.129744 1.000000 -0.399232 -0.821753 3.099281 1.000000 -0.138470 0.136467 2.985182 1.000000 -0.137060 -0.396072 3.096425 1.000000 -0.158659 -0.773631 3.176063 1.000000 -0.145179 -0.830190 3.100009 1.000000
6850069549 -0.215788 0.213715 2.985408 1.000000 -0.224661 0.279598 3.038820 1.000000 -0.224045 0.647230 3.026885 1.000000 -0.200846 0.841865 3.019724 1.000000 -0.389457 0.531930 3.002561 1.000000 -0.445653 0.302812 2.965288 1.000000 -0.388934 0.090293 2.867113 1.000000 -0.363745 -0.010807 2.866905 1.000000 -0.051280 0.531005 3.054388 1.000000 -0.006013 0.297023 3.022136 1.000000 -0.041097 0.087130 2.915505 1.000000 -0.068284 0.002443 2.885412 1.000000 -0.290775 0.139031 2.966158 1.000000 -0.346170 -0.381586 3.067686 1.000000 -0.371007 -0.756802 3.130588 1.000000 -0.411823 -0.826654 3.091766 1.000000 -0.138735 0.136208 2.985300 1.000000 -0.137306 -0.396790 3.097090 1.000000 -0.159466 -0.773867 3.175740 1.000000 -0.143096 -0.829299 3.095262 1.000000
6850112332 -0.216120 0.213733 2.985701 1.000000 -0.224989 0.279800 3.038996 1.000000 -0.224948 0.646286 3.024671 1.000000 -0.202081 0.841399 3.020224 1.000000 -0.389872 0.531541 3.002445 1.000000 -0.445699 0.298544 2.967522 1.000000 -0.394380 0.086060 2.879470 1.000000 -0.389209 0.009456 2.885475 1.000000 -0.051670 0.531168 3.054558 1.000000 -0.008242 0.293262 3.023669 1.000000 -0.035111 0.082802 2.934243 1.000000 -0.050535 -0.019268 2.920094 1.000000 -0.291310 0.139107 2.966982 1.000000 -0.346647 -0.377951 3.066668 1.000000 -0.368709 -0.749914 3.129880 1.000000 -0.408890 -0.819807 3.093233 1.000000 -0.138965 0.136176 2.985785 1.000000 -0.137329 -0.396842 3.097006 1.000000 -0.159565 -0.773870 3.175625 1.000000 -0.140242 -0.826848 3.094090 1.000000
6850145314 -0.216392 0.213705 2.985960 1.000000 -0.225193 0.279871 3.039181 1.000000 -0.225304 0.646311 3.023968 1.000000 -0.202251 0.840911 3.018255 1.000000 -0.390344 0.531458 3.002135 1.000000 -0.446131 0.295657 2.969970 1.000000 -0.411097 0.099740 2.904070 1.000000 -0.390341 0.004319 2.889518 1.000000 -0.053380 0.530993 3.053731 1.000000 -0.010316 0.287289 3.025656 1.000000 -0.030411 0.078314 2.948467 1.000000 -0.044786 -0.024354 2.937802 1.000000 -0.291449 0.139137 2.967203 1.000000 -0.346648 -0.378021 3.066720 1.000000 -0.368732 -0.749510 3.129268 1.000000 -0.405568 -0.818178 3.094418 1.000000 -0.139434 0.136202 2.986648 1.000000 -0.137344 -0.396814 3.097011 1.000000 -0.159589 -0.774460 3.175623 1.000000 -0.140309 -0.826343 3.093321 1.000000
6850178273 -0.216927 0.213457 2.986793 1.000000 -0.225674 0.279922 3.039427 1.000000 -0.225777 0.645463 3.022202 1.000000 -0.202137 0.840289 3.018563 1.000000 -0.390727 0.531343 3.001884 1.000000 -0.447381 0.293105 2.973746 1.000000 -0.414016 0.091537 2.908346 1.000000 -0.391717 0.002528 2.893207 1.000000 -0.054102 0.531149 3.054042 1.000000 -0.012418 0.280618 3.030275 1.000000 -0.022666 0.080845 2.967708 1.000000 -0.042752 -0.019020 2.945596 1.000000 -0.291902 0.138856 2.968346 1.000000 -0.346862 -0.378308 3.066822 1.000000 -0.369105 -0.751456 3.129162 1.000000 -0.408637 -0.820933 3.102304 1.000000 -0.140232 0.135910 2.988586 1.000000 -0.137252 -0.397239 3.097029 1.000000 -0.159558 -0.774629 3.175623 1.000000 -0.139887 -0.826329 3.093246 1.000000
6850222436 -0.217400 0.213362 2.987526 1.000000 -0.226200 0.279971 3.039649 1.000000 -0.226035 0.645467 3.021932 1.000000 -0.202897 0.839119 3.012928 1.000000 -0.391083 0.531471 3.001666 1.000000 -0.450751 0.286622 2.979014 1.000000 -0.419534 0.087135 2.913974 1.000000 -0.408424 0.012226 2.899786 1.000000 -0.054975 0.531879 3.054708 1.000000 -0.012541 0.278202 3.034986 1.000000 -0.021153 0.078285 2.978286 1.000000 -0.037021 -0.022432 2.956609 1.000000 -0.292295 0.138780 2.969387 1.000000 -0.346839 -0.379092 3.066959 1.000000 -0.369737 -0.752710 3.128755 1.000000 -0.405323 -0.821289 3.101016 1.000000 -0.140724 0.135892 2.989555 1.000000 -0.137235 -0.397696 3.096853 1.000000 -0.159510 -0.774725 3.175514 1.000000 -0.139922 -0.826954 3.093400 1.000000
6850254853 -0.218131 0.213185 2.988275 1.000000 -0.226764 0.280110 3.039448 1.000000 -0.226654 0.643554 3.019130 1.000000 -0.204228 0.835084 3.001998 1.000000 -0.391931 0.531369 3.001079 1.000000 -0.457115 0.287720 2.984333 1.000000 -0.424703 0.083799 2.916775 1.000000 -0.410617 0.001911 2.903569 1.000000 -0.055278 0.531909 3.054499 1.000000 -0.012147 0.275516 3.040440 1.000000 -0.017249 0.074534 2.988241 1.000000 -0.032694 -0.024907 2.961018 1.000000 -0.293398 0.138301 2.971168 1.000000 -0.346811 -0.379311 3.067023 1.000000 -0.369606 -0.752806 3.128754 1.000000 -0.404730 -0.822240 3.101072 1.000000 -0.141388 0.135749 2.990496 1.000000 -0.136719 -0.396636 3.096604 1.000000 -0.159655 -0.773560 3.174893 1.000000 -0.143631 -0.822922 3.106738 1.000000
6850286155 -0.218699 0.213289 2.989509 1.000000 -0.227264 0.280231 3.039740 1.000000 -0.227133 0.643107 3.019123 1.000000 -0.205651 0.835550 3.004486 1.000000 -0.392394 0.531404 3.001119 1.000000 -0.458547 0.288131 2.987332 1.000000 -0.430235 0.085872 2.919193 1.000000 -0.413897 -0.003009 2.899255 1.000000 -0.055403 0.531986 3.054599 1.000000 -0.011563 0.275015 3.042632 1.000000 -0.015841 0.073723 2.991810 1.000000 -0.026953 -0.026754 2.966222 1.000000 -0.293838 0.138192 2.972259 1.000000 -0.347009 -0.380703 3.067893 1.000000 -0.369153 -0.753890 3.129055 1.000000 -0.404708 -0.822289 3.101082 1.000000 -0.141803 0.135883 2.992298 1.000000 -0.136727 -0.396853 3.096643 1.000000 -0.159604 -0.773704 3.174344 1.000000 -0.145710 -0.826662 3.102949 1.000000
6850328123 -0.219139 0.213518 2.990522 1.000000 -0.227608 0.280574 3.039736 1.000000 -0.227166 0.643180 3.019021 1.000000 -0.204991 0.835213 3.003019 1.000000 -0.393139 0.531265 3.001165 1.000000 -0.460921 0.289344 2.988996 1.000000 -0.434454 0.085929 2.921112 1.000000 -0.416786 -0.007241 2.900159 1.000000 -0.055682 0.532334 3.055310 1.000000 -0.010472 0.273946 3.044340 1.000000 -0.013460 0.072402 2.994588 1.000000 -0.021313 -0.029222 2.972329 1.000000 -0.294318 0.138291 2.973324 1.000000 -0.347025 -0.381163 3.067894 1.000000 -0.369230 -0.754047 3.129159 1.000000 -0.404369 -0.822690 3.103175 1.000000 -0.142203 0.135974 2.993813 1.000000 -0.136848 -0.396911 3.096672 1.000000 -0.160023 -0.773866 3.174466 1.000000 -0.138180 -0.829365 3.095920 1.000000
6850361262 -0.219718 0.213541 2.991389 1.000000 -0.227953 0.280711 3.039787 1.000000 -0.227356 0.643142 3.019024 1.000000 -0.205270 0.835205 3.002862 1.000000 -0.394897 0.530889 3.000855 1.000000 -0.464114 0.288647 2.989269 1.000000 -0.435395 0.081276 2.920656 1.000000 -0.422395 -0.018433 2.899153 1.000000 -0.056005 0.532247 3.054296 1.000000 -0.008656 0.272677 3.047826 1.000000 -0.011856 0.071612 2.995306 1.000000 -0.021463 -0.029716 2.972099 1.000000 -0.295149 0.138096 2.974453 1.000000 -0.347031 -0.381130 3.067811 1.000000 -0.369459 -0.754991 3.129374 1.000000 -0.407324 -0.825502 3.110407 1.000000 -0.142503 0.135788 2.994604 1.000000 -0.136891 -0.397151 3.096375 1.000000 -0.159417 -0.774212 3.173815 1.000000 -0.141600 -0.831612 3.098904 1.000000
6850392693 -0.219913 0.213542 2.991693 1.000000 -0.227975 0.280875 3.039307 1.000000 -0.227446 0.643421 3.018647 1.000000 -0.205111 0.835664 3.002961 1.000000 -0.395003 0.530957 3.000887 1.000000 -0.465385 0.288992 2.989398 1.000000 -0.438171 0.079468 2.921409 1.000000 -0.427073 -0.012035 2.900316 1.000000 -0.056135 0.532203 3.053956 1.000000 -0.007684 0.270490 3.048007 1.000000 -0.008866 0.065321 2.994098 1.000000 -0.019053 -0.035878 2.970397 1.000000 -0.295312 0.138158 2.974752 1.000000 -0.347275 -0.380894 3.067650 1.000000 -0.369509 -0.755013 3.129230 1.000000 -0.406372 -0.824672 3.110214 1.000000 -0.142755 0.135641 2.995208 1.000000 -0.136798 -0.397304 3.096425 1.000000 -0.159503 -0.774101 3.173459 1.000000 -0.143220 -0.832340 3.098635 1.000000
6850437183 -0.220155 0.213407 2.992050 1.000000 -0.228042 0.280859 3.038909 1.000000 -0.227250 0.643290 3.018537 1.000000 -0.203628 0.835341 3.002496 1.000000 -0.395018 0.530953 3.000900 1.000000 -0.466177 0.288088 2.989197 1.000000 -0.444167 0.072060 2.921488 1.000000 -0.430524 -0.014050 2.899701 1.000000 -0.056142 0.532128 3.053967 1.000000 -0.007052 0.268745 3.047755 1.000000 -0.005674 0.056632 2.987456 1.000000 -0.016738 -0.045031 2.966130 1.000000 -0.295575 0.138097 2.975072 1.000000 -0.347474 -0.381588 3.067924 1.000000 -0.369488 -0.754991 3.127849 1.000000 -0.406456 -0.824292 3.110498 1.000000 -0.143153 0.135310 2.995803 1.000000 -0.136729 -0.398425 3.096848 1.000000 -0.159475 -0.774244 3.173595 1.000000 -0.143492 -0.832727 3.098301 1.000000
6850468400 -0.220476 0.213430 2.992316 1.000000 -0.228244 0.280940 3.038445 1.000000 -0.227423 0.642978 3.018204 1.000000 -0.203599 0.835210 3.002636 1.000000 -0.395051 0.530948 3.000915 1.000000 -0.466561 0.287942 2.988158 1.000000 -0.445210 0.067659 2.919691 1.000000 -0.430029 -0.031570 2.899940 1.000000 -0.056140 0.532124 3.053968 1.000000 -0.006461 0.266673 3.047536 1.000000 -0.003493 0.049150 2.980578 1.000000 -0.015919 -0.053249 2.963836 1.000000 -0.295966 0.138130 2.975358 1.000000 -0.347465 -0.380616 3.067642 1.000000 -0.369541 -0.754654 3.127759 1.000000 -0.406096 -0.824025 3.110152 1.000000 -0.143410 0.135260 2.996169 1.000000 -0.136809 -0.397161 3.096253 1.000000 -0.159239 -0.773632 3.173372 1.000000 -0.147471 -0.826633 3.122895 1.000000
6850512315 -0.220578 0.213312 2.992402 1.000000 -0.228193 0.280923 3.037841 1.000000 -0.227276 0.642403 3.017536 1.000000 -0.203589 0.834954 3.002782 1.000000 -0.395315 0.530554 3.000551 1.000000 -0.466688 0.288040 2.987812 1.000000 -0.445743 0.061726 2.914155 1.000000 -0.430648 -0.036930 2.901298 1.000000 -0.056088 0.531769 3.053264 1.000000 -0.006626 0.265188 3.047041 1.000000 -0.003170 0.047452 2.980134 1.000000 -0.014057 -0.054199 2.963459 1.000000 -0.296250 0.137927 2.975836 1.000000 -0.347598 -0.380821 3.067659 1.000000 -0.368188 -0.753692 3.127210 1.000000 -0.405830 -0.820766 3.106048 1.000000 -0.143460 0.135103 2.996147 1.000000 -0.136806 -0.397202 3.096282 1.000000 -0.159288 -0.773569 3.173492 1.000000 -0.140108 -0.828819 3.104296 1.000000
6850545247 -0.220824 0.213323 2.992628 1.000000 -0.228272 0.281094 3.037249 1.000000 -0.227293 0.642487 3.016743 1.000000 -0.202672 0.835309 3.003119 1.000000 -0.395302 0.530548 3.000526 1.000000 -0.465302 0.286222 2.987875 1.000000 -0.445813 0.063023 2.911804 1.000000 -0.429821 -0.038283 2.901084 1.000000 -0.056075 0.531714 3.053227 1.000000 -0.006279 0.264049 3.046988 1.000000 -0.003105 0.047332 2.980020 1.000000 -0.013384 -0.053846 2.962779 1.000000 -0.296555 0.138066 2.976257 1.000000 -0.347551 -0.380735 3.067571 1.000000 -0.367895 -0.751326 3.123656 1.000000 -0.405761 -0.819278 3.104173 1.000000 -0.143771 0.135013 2.996500 1.000000 -0.136757 -0.396846 3.096192 1.000000 -0.159429 -0.773623 3.173626 1.000000 -0.139943 -0.829132 3.103736 1.000000
6850578303 -0.220852 0.213332 2.992641 1.000000 -0.228214 0.281151 3.036668 1.000000 -0.227162 0.642634 3.016911 1.000000 -0.202347 0.835466 3.003178 1.000000 -0.395291 0.530614 3.000487 1.000000 -0.465220 0.286070 2.987220 1.000000 -0.444650 0.061946 2.910647 1.000000 -0.429429 -0.038637 2.900460 1.000000 -0.056067 0.531726 3.053250 1.000000 -0.006482 0.262396 3.046573 1.000000 -0.003159 0.047040 2.980032 1.000000 -0.013302 -0.054227 2.962579 1.000000 -0.296578 0.138079 2.976258 1.000000 -0.347347 -0.381817 3.067326 1.000000 -0.368795 -0.756234 3.125989 1.000000 -0.408016 -0.823322 3.101322 1.000000 -0.143805 0.135025 2.996484 1.000000 -0.136698 -0.396314 3.095867 1.000000 -0.159246 -0.772871 3.173629 1.000000 -0.146305 -0.828830 3.119415 1.000000
6850611571 -0.220855 0.213335 2.992658 1.000000 -0.228124 0.281280 3.036060 1.000000 -0.227105 0.642861 3.016234 1.000000 -0.201174 0.836261 3.004851 1.000000 -0.395284 0.530592 3.000462 1.000000 -0.464437 0.287009 2.986360 1.000000 -0.443889 0.063348 2.909751 1.000000 -0.428226 -0.039450 2.898008 1.000000 -0.056057 0.531715 3.053226 1.000000 -0.006352 0.262385 3.046467 1.000000 -0.003315 0.046970 2.980041 1.000000 -0.013779 -0.055565 2.961940 1.000000 -0.296563 0.138098 2.976422 1.000000 -0.346933 -0.382526 3.067974 1.000000 -0.369455 -0.758458 3.127563 1.000000 -0.416296 -0.832610 3.088525 1.000000 -0.143803 0.135028 2.996487 1.000000 -0.136675 -0.396243 3.095842 1.000000 -0.159442 -0.773259 3.174065 1.000000 -0.144130 -0.831853 3.114435 1.000000
6850645162 -0.220851 0.213261 2.992624 1.000000 -0.228124 0.281256 3.035460 1.000000 -0.227192 0.642825 3.016184 1.000000 -0.200946 0.836482 3.005674 1.000000 -0.395090 0.530338 2.999920 1.000000 -0.463909 0.286774 2.986118 1.000000 -0.441096 0.068549 2.910465 1.000000 -0.426461 -0.034204 2.896735 1.000000 -0.056012 0.531656 3.053187 1.000000 -0.006544 0.262283 3.046142 1.000000 -0.003383 0.047088 2.980048 1.000000 -0.014135 -0.055307 2.961056 1.000000 -0.296506 0.138006 2.976307 1.000000 -0.346840 -0.382141 3.067783 1.000000 -0.370140 -0.758900 3.127986 1.000000 -0.411360 -0.831929 3.096728 1.000000 -0.143774 0.134958 2.996468 1.000000 -0.136709 -0.396370 3.095810 1.000000 -0.159470 -0.773595 3.174031 1.000000 -0.137615 -0.829729 3.095083 1.000000
6850678144 -0.220837 0.213241 2.992596 1.000000 -0.228111 0.281346 3.034770 1.000000 -0.227462 0.642497 3.015159 1.000000 -0.199029 0.836737 3.007871 1.000000 -0.394988 0.530142 2.999503 1.000000 -0.463342 0.286372 2.985885 1.000000 -0.440054 0.070858 2.909884 1.000000 -0.423445 -0.031507 2.895525 1.000000 -0.056026 0.531661 3.053366 1.000000 -0.006870 0.262752 3.045990 1.000000 -0.004775 0.060839 2.980119 1.000000 -0.017038 -0.040860 2.958496 1.000000 -0.296441 0.137971 2.976340 1.000000 -0.346813 -0.382056 3.067787 1.000000 -0.370352 -0.758941 3.127425 1.000000 -0.408619 -0.831596 3.097866 1.000000 -0.143729 0.134972 2.996405 1.000000 -0.136683 -0.396184 3.095627 1.000000 -0.159457 -0.773582 3.174023 1.000000 -0.139509 -0.832721 3.096761 1.000000
6850712287 -0.220724 0.213281 2.992584 1.000000 -0.228065 0.281467 3.034166 1.000000 -0.227152 0.642788 3.014970 1.000000 -0.196346 0.837893 3.012644 1.000000 -0.394840 0.530150 2.999384 1.000000 -0.462433 0.284107 2.985944 1.000000 -0.438087 0.072467 2.909437 1.000000 -0.419974 -0.029446 2.893268 1.000000 -0.055039 0.531236 3.054574 1.000000 -0.006832 0.263273 3.046062 1.000000 -0.006941 0.064821 2.979959 1.000000 -0.018056 -0.037264 2.959202 1.000000 -0.296355 0.137980 2.976300 1.000000 -0.346874 -0.383361 3.068477 1.000000 -0.370570 -0.758774 3.128485 1.000000 -0.406213 -0.831261 3.097781 1.000000 -0.143528 0.134978 2.996436 1.000000 -0.136786 -0.396521 3.095414 1.000000 -0.159285 -0.773670 3.174127 1.000000 -0.140943 -0.832167 3.095961 1.000000
6850745332 -0.220671 0.213195 2.992377 1.000000 -0.227991 0.281386 3.033398 1.000000 -0.227250 0.642326 3.014552 1.000000 -0.196681 0.837925 3.014059 1.000000 -0.394679 0.530095 2.999267 1.000000 -0.461520 0.283537 2.985684 1.000000 -0.434864 0.075079 2.905654 1.000000 -0.414521 -0.025389 2.886291 1.000000 -0.055060 0.531381 3.054667 1.000000 -0.006990 0.264663 3.046879 1.000000 -0.007236 0.066410 2.979865 1.000000 -0.018809 -0.035710 2.959161 1.000000 -0.296258 0.137876 2.976095 1.000000 -0.347004 -0.383021 3.068426 1.000000 -0.371090 -0.759019 3.129001 1.000000 -0.405602 -0.830845 3.098258 1.000000 -0.143413 0.134992 2.996176 1.000000 -0.136811 -0.396827 3.095233 1.000000 -0.158927 -0.773431 3.173235 1.000000 -0.142428 -0.832361 3.094961 1.000000
6850779330 -0.220596 0.213106 2.992365 1.000000 -0.227834 0.281329 3.032851 1.000000 -0.227051 0.641863 3.014182 1.000000 -0.196738 0.837630 3.014003 1.000000 -0.394464 0.530210 2.999285 1.000000 -0.460831 0.286961 2.986871 1.000000 -0.430847 0.080458 2.897804 1.000000 -0.408072 -0.020764 2.882315 1.000000 -0.055007 0.531605 3.054636 1.000000 -0.007247 0.265627 3.046853 1.000000 -0.008340 0.067844 2.977978 1.000000 -0.021930 -0.032578 2.950867 1.000000 -0.296144 0.137735 2.976122 1.000000 -0.346998 -0.383263 3.068388 1.000000 -0.371736 -0.759845 3.129247 1.000000 -0.411067 -0.833115 3.097312 1.000000 -0.143345 0.134977 2.996169 1.000000 -0.136999 -0.397186 3.094810 1.000000 -0.159062 -0.773342 3.173140 1.000000 -0.141900 -0.831685 3.094531 1.000000
6850812325 -0.220520 0.213210 2.992306 1.000000 -0.227861 0.281319 3.032471 1.000000 -0.227000 0.641827 3.015117 1.000000 -0.196548 0.837522 3.014416 1.000000 -0.394451 0.530433 2.999447 1.000000 -0.460549 0.288158 2.985097 1.000000 -0.420565 0.079949 2.880770 1.000000 -0.400636 -0.012157 2.877499 1.000000 -0.053956 0.531447 3.056015 1.000000 -0.007439 0.266596 3.046231 1.000000 -0.009255 0.071604 2.968077 1.000000 -0.025483 -0.028634 2.941553 1.000000 -0.296109 0.137799 2.975975 1.000000 -0.347007 -0.383213 3.068257 1.000000 -0.371562 -0.759519 3.129015 1.000000 -0.407659 -0.831890 3.094381 1.000000 -0.143048 0.135041 2.995895 1.000000 -0.137150 -0.397435 3.095008 1.000000 -0.159160 -0.773579 3.172520 1.000000 -0.141108 -0.831428 3.093708 1.000000
6850845341 -0.220338 0.213334 2.992149 1.000000 -0.227787 0.281382 3.032056 1.000000 -0.227011 0.641769 3.015115 1.000000 -0.196569 0.837512 3.015495 1.000000 -0.394238 0.530531 2.999596 1.000000 -0.464642 0.294165 2.977524 1.000000 -0.414768 0.092927 2.863718 1.000000 -0.388099 0.022431 2.845470 1.000000 -0.053355 0.531490 3.056891 1.000000 -0.007439 0.270589 3.045243 1.000000 -0.008333 0.083625 2.946465 1.000000 -0.025342 0.004326 2.922356 1.000000 -0.295925 0.137884 2.975667 1.000000 -0.347003 -0.383155 3.068135 1.000000 -0.372055 -0.761078 3.129317 1.000000 -0.408113 -0.831298 3.091157 1.000000 -0.142624 0.135172 2.995697 1.000000 -0.137360 -0.397778 3.094845 1.000000 -0.159182 -0.773588 3.172498 1.000000 -0.144927 -0.834830 3.095463 1.000000
6850879202 -0.220175 0.213362 2.992070 1.000000 -0.227597 0.281335 3.031867 1.000000 -0.225855 0.641826 3.016153 1.000000 -0.196015 0.837334 3.015827 1.000000 -0.394042 0.530641 2.999943 1.000000 -0.477912 0.313434 2.966903 1.000000 -0.408447 0.120178 2.808302 1.000000 -0.388944 0.046245 2.821126 1.000000 -0.052755 0.531106 3.057623 1.000000 -0.002076 0.283081 3.040795 1.000000 0.000556 0.109863 2.896193 1.000000 -0.028320 0.026855 2.870802 1.000000 -0.295877 0.137976 2.975378 1.000000 -0.347036 -0.383062 3.068219 1.000000 -0.372173 -0.761254 3.129408 1.000000 -0.406745 -0.831887 3.102672 1.000000 -0.142299 0.135029 2.995534 1.000000 -0.137601 -0.397983 3.095045 1.000000 -0.159210 -0.773765 3.172736 1.000000 -0.145356 -0.834500 3.095209 1.000000
6850912326 -0.219977 0.213537 2.991983 1.000000 -0.227559 0.281389 3.031749 1.000000 -0.225937 0.641804 3.016630 1.000000 -0.196101 0.837174 3.016509 1.000000 -0.393409 0.531431 3.000162 1.000000 -0.483565 0.324941 2.948342 1.000000 -0.407227 0.170898 2.767286 1.000000 -0.380251 0.098258 2.765231 1.000000 -0.052121 0.531128 3.058588 1.000000 0.013963 0.314267 3.023562 1.000000 0.004845 0.137329 2.849317 1.000000 -0.029572 0.047486 2.832557 1.000000 -0.295577 0.138382 2.975121 1.000000 -0.346937 -0.382923 3.068319 1.000000 -0.372250 -0.760950 3.129173 1.000000 -0.403952 -0.827469 3.101611 1.000000 -0.141976 0.135092 2.995311 1.000000 -0.137596 -0.398025 3.095047 1.000000 -0.159061 -0.773803 3.172675 1.000000 -0.145615 -0.834813 3.095280 1.000000
6850945456 -0.219803 0.213751 2.992093 1.000000 -0.227502 0.281300 3.032211 1.000000 -0.225235 0.641507 3.019693 1.000000 -0.196017 0.836503 3.018182 1.000000 -0.393116 0.531792 3.000100 1.000000 -0.491733 0.344455 2.935022 1.000000 -0.408528 0.207123 2.751668 1.000000 -0.381899 0.160823 2.695562 1.000000 -0.050202 0.530063 3.059793 1.000000 0.019319 0.326164 3.018212 1.000000 0.003474 0.157631 2.784198 1.000000 -0.027408 0.095983 2.748892 1.000000 -0.295474 0.138547 2.975018 1.000000 -0.346936 -0.383045 3.068584 1.000000 -0.372504 -0.761255 3.128684 1.000000 -0.405164 -0.827732 3.093704 1.000000 -0.141845 0.135100 2.995300 1.000000 -0.137551 -0.398084 3.095157 1.000000 -0.159128 -0.773820 3.173610 1.000000 -0.145269 -0.832635 3.094581 1.000000
6850979493 -0.219850 0.214890 2.993538 1.000000 -0.227698 0.282224 3.034224 1.000000 -0.226114 0.642236 3.022363 1.000000 -0.194820 0.836735 3.019811 1.000000 -0.393791 0.531909 3.000522 1.000000 -0.494993 0.352731 2.923666 1.000000 -0.439610 0.291531 2.721953 1.000000 -0.390456 0.251322 2.638587 1.000000 -0.049564 0.530353 3.060353 1.000000 0.026861 0.336420 2.999142 1.000000 0.044706 0.250495 2.799809 1.000000 -0.003321 0.176880 2.696973 1.000000 -0.295644 0.139149 2.976012 1.000000 -0.346934 -0.382734 3.069183 1.000000 -0.372718 -0.761114 3.128686 1.000000 -0.403935 -0.826210 3.094477 1.000000 -0.141633 0.135444 2.996023 1.000000 -0.137483 -0.398284 3.095301 1.000000 -0.158932 -0.773918 3.173257 1.000000 -0.145061 -0.832901 3.094341 1.000000
6851011489 -0.219570 0.215078 2.994643 1.000000 -0.227525 0.282389 3.035786 1.000000 -0.226217 0.642828 3.023884 1.000000 -0.195372 0.838033 3.024017 1.000000 -0.393578 0.531459 3.001132 1.000000 -0.511373 0.364430 2.888471 1.000000 -0.426996 0.329601 2.669078 1.000000 -0.397937 0.317606 2.598264 1.000000 -0.049411 0.530793 3.061089 1.000000 0.027383 0.344264 2.996313 1.000000 0.021613 0.294316 2.764906 1.000000 0.020170 0.275794 2.689688 1.000000 -0.295356 0.139265 2.976821 1.000000 -0.346787 -0.382593 3.069378 1.000000 -0.371847 -0.759718 3.128693 1.000000 -0.403056 -0.824287 3.095555 1.000000 -0.141276 0.135678 2.997249 1.000000 -0.137475 -0.398275 3.095299 1.000000 -0.159247 -0.774805 3.173906 1.000000 -0.139800 -0.833202 3.095721 1.000000
6851042961 -0.219296 0.214906 2.995577 1.000000 -0.227237 0.282233 3.037242 1.000000 -0.226164 0.643753 3.025649 1.000000 -0.194374 0.838823 3.025604 1.000000 -0.392356 0.531781 3.002277 1.000000 -0.510704 0.371622 2.872139 1.000000 -0.428504 0.382949 2.649234 1.000000 -0.401104 0.386724 2.579526 1.000000 -0.049530 0.530188 3.060973 1.000000 0.032912 0.347487 2.990132 1.000000 0.070432 0.309901 2.778176 1.000000 0.077480 0.305776 2.673662 1.000000 -0.295019 0.139330 2.977338 1.000000 -0.346211 -0.381393 3.069452 1.000000 -0.371709 -0.759516 3.128694 1.000000 -0.401671 -0.821994 3.097567 1.000000 -0.141069 0.135641 2.998536 1.000000 -0.137032 -0.395853 3.094845 1.000000 -0.159042 -0.774361 3.174654 1.000000 -0.149695 -0.826666 3.123205 1.000000
6851074334 -0.218701 0.212399 2.997186 1.000000 -0.226856 0.280268 3.039520 1.000000 -0.227060 0.644926 3.029263 1.000000 -0.193861 0.839530 3.029042 1.000000 -0.382755 0.528416 3.004586 1.000000 -0.496949 0.389171 2.847156 1.000000 -0.425976 0.460397 2.654568 1.000000 -0.388627 0.485296 2.559829 1.000000 -0.052280 0.529976 3.060291 1.000000 0.040997 0.364868 2.919736 1.000000 0.022614 0.424660 2.635554 1.000000 0.016486 0.444590 2.545420 1.000000 -0.293209 0.138595 2.978359 1.000000 -0.346231 -0.381310 3.069467 1.000000 -0.371838 -0.759593 3.128817 1.000000 -0.401526 -0.821837 3.097419 1.000000 -0.141457 0.135203 2.999787 1.000000 -0.137003 -0.394768 3.095196 1.000000 -0.158921 -0.774367 3.175138 1.000000 -0.149578 -0.826628 3.123482 1.000000
6851106380 -0.218590 0.211922 2.997540 1.000000 -0.226833 0.279362 3.040988 1.000000 -0.227155 0.644692 3.032770 1.000000 -0.194133 0.838405 3.029252 1.000000 -0.380538 0.530747 3.004787 1.000000 -0.484817 0.416291 2.839760 1.000000 -0.388929 0.525000 2.589311 1.000000 -0.353346 0.570287 2.537555 1.000000 -0.052986 0.529718 3.059345 1.000000 0.073181 0.385010 2.849423 1.000000 0.033894 0.478223 2.657185 1.000000 0.011833 0.533306 2.570849 1.000000 -0.292632 0.138670 2.978983 1.000000 -0.345799 -0.380569 3.070088 1.000000 -0.369259 -0.757319 3.128275 1.000000 -0.401266 -0.821681 3.097422 1.000000 -0.141539 0.135174 2.999772 1.000000 -0.136798 -0.395503 3.095733 1.000000 -0.158583 -0.775740 3.174130 1.000000 -0.145564 -0.833403 3.094151 1.000000
6851138792 -0.218773 0.213252 2.998253 1.000000 -0.226439 0.280130 3.043307 1.000000 -0.226583 0.646413 3.039156 1.000000 -0.193735 0.838381 3.029155 1.000000 -0.374603 0.551144 3.010354 1.000000 -0.479952 0.460441 2.828440 1.000000 -0.384994 0.569905 2.604569 1.000000 -0.344063 0.614948 2.556769 1.000000 -0.054726 0.533931 3.056356 1.000000 0.073782 0.403945 2.849422 1.000000 0.025514 0.529009 2.680389 1.000000 0.016327 0.558594 2.628611 1.000000 -0.292059 0.142251 2.980168 1.000000 -0.345817 -0.380594 3.069983 1.000000 -0.370107 -0.758580 3.129524 1.000000 -0.400671 -0.821117 3.097683 1.000000 -0.142875 0.138151 2.999721 1.000000 -0.136209 -0.393514 3.095626 1.000000 -0.159164 -0.775522 3.175335 1.000000 -0.139702 -0.825510 3.119829 1.000000
6851170193 -0.219943 0.216608 2.998983 1.000000 -0.226963 0.282356 3.045283 1.000000 -0.226692 0.646426 3.040843 1.000000 -0.193500 0.838318 3.031404 1.000000 -0.377347 0.556741 3.011355 1.000000 -0.484212 0.472913 2.821797 1.000000 -0.378662 0.601563 2.623704 1.000000 -0.338757 0.648656 2.577128 1.000000 -0.056682 0.536447 3.053418 1.000000 0.079224 0.454346 2.845512 1.000000 0.010651 0.589844 2.661812 1.000000 -0.008475 0.645013 2.611116 1.000000 -0.293873 0.146803 2.981408 1.000000 -0.345647 -0.379853 3.069710 1.000000 -0.370353 -0.758630 3.129463 1.000000 -0.401984 -0.821385 3.097645 1.000000 -0.144040 0.141720 2.998959 1.000000 -0.135730 -0.392028 3.095195 1.000000 -0.159092 -0.775219 3.175520 1.000000 -0.140728 -0.826458 3.126175 1.000000
6851223102 -0.220761 0.218380 2.998942 1.000000 -0.227662 0.283443 3.046319 1.000000 -0.227354 0.646270 3.042110 1.000000 -0.195162 0.836846 3.027778 1.000000 -0.379431 0.556719 3.010017 1.000000 -0.480469 0.528320 2.798632 1.000000 -0.348145 0.654785 2.626653 1.000000 -0.289991 0.690770 2.590668 1.000000 -0.058895 0.537376 3.051089 1.000000 0.079490 0.472730 2.851585 1.000000 -0.000295 0.630277 2.672712 1.000000 -0.035669 0.683771 2.629600 1.000000 -0.295431 0.148678 2.979624 1.000000 -0.345468 -0.378009 3.069345 1.000000 -0.368774 -0.758307 3.129324 1.000000 -0.400153 -0.819629 3.094930 1.000000 -0.144373 0.143651 2.999471 1.000000 -0.135512 -0.391892 3.095190 1.000000 -0.158626 -0.773825 3.175528 1.000000 -0.143775 -0.828326 3.128589 1.000000
6851255628 -0.220504 0.218625 2.998752 1.000000 -0.227593 0.283930 3.046834 1.000000 -0.227168 0.650132 3.042211 1.000000 -0.193656 0.839652 3.025582 1.000000 -0.381449 0.556482 3.008536 1.000000 -0.478794 0.575690 2.790977 1.000000 -0.310791 0.694336 2.628606 1.000000 -0.253243 0.729533 2.590931 1.000000 -0.058528 0.538720 3.050954 1.000000 0.090210 0.539063 2.855273 1.000000 -0.049317 0.696566 2.660710 1.000000 -0.068193 0.734318 2.595993 1.000000 -0.294754 0.148175 2.978481 1.000000 -0.345502 -0.377986 3.069106 1.000000 -0.369073 -0.757570 3.127736 1.000000 -0.397877 -0.818675 3.094174 1.000000 -0.144133 0.143847 2.999548 1.000000 -0.135581 -0.391751 3.095068 1.000000 -0.158753 -0.773352 3.175534 1.000000 -0.146344 -0.822605 3.122515 1.000000
6851287119 -0.219132 0.220632 2.998853 1.000000 -0.226312 0.285827 3.047999 1.000000 -0.226727 0.652789 3.045000 1.000000 -0.193483 0.840975 3.024379 1.000000 -0.381391 0.556561 3.008312 1.000000 -0.482542 0.586039 2.794663 1.000000 -0.314249 0.706632 2.633728 1.000000 -0.251687 0.747672 2.614493 1.000000 -0.058869 0.538435 3.049450 1.000000 0.093658 0.567018 2.862726 1.000000 -0.053426 0.713998 2.665375 1.000000 -0.072300 0.751746 2.600667 1.000000 -0.292530 0.150707 2.975354 1.000000 -0.345498 -0.377725 3.068823 1.000000 -0.369026 -0.757457 3.127784 1.000000 -0.397297 -0.818553 3.093191 1.000000 -0.142345 0.145891 3.001627 1.000000 -0.135411 -0.390261 3.094380 1.000000 -0.158791 -0.773706 3.175362 1.000000 -0.147153 -0.823098 3.122327 1.000000
6851329105 -0.218418 0.225307 2.997613 1.000000 -0.225507 0.290778 3.047330 1.000000 -0.226400 0.657511 3.042929 1.000000 -0.198113 0.847525 3.025890 1.000000 -0.382414 0.556352 3.007865 1.000000 -0.494841 0.604543 2.805712 1.000000 -0.356445 0.734375 2.659853 1.000000 -0.280263 0.779911 2.630114 1.000000 -0.057611 0.540481 3.047756 1.000000 0.106750 0.616211 2.865035 1.000000 0.035240 0.745007 2.708708 1.000000 -0.045895 0.776761 2.650998 1.000000 -0.292354 0.153047 2.973756 1.000000 -0.345815 -0.375033 3.066470 1.000000 -0.369479 -0.756331 3.127301 1.000000 -0.399705 -0.817796 3.094698 1.000000 -0.141428 0.149065 3.001429 1.000000 -0.135665 -0.390634 3.094053 1.000000 -0.159634 -0.774104 3.175978 1.000000 -0.147183 -0.821923 3.121727 1.000000
6851362671 -0.218274 0.234206 2.995934 1.000000 -0.223931 0.299680 3.045853 1.000000 -0.217374 0.664904 3.036657 1.000000 -0.209839 0.858211 3.024667 1.000000 -0.383339 0.556622 3.007176 1.000000 -0.502730 0.622408 2.809874 1.000000 -0.400491 0.751237 2.673770 1.000000 -0.315925 0.803177 2.641057 1.000000 -0.051305 0.546706 3.046340 1.000000 0.111422 0.629039 2.873958 1.000000 0.059986 0.781859 2.733634 1.000000 -0.009714 0.832688 2.674661 1.000000 -0.294328 0.158844 2.974074 1.000000 -0.345821 -0.375019 3.066339 1.000000 -0.370199 -0.756779 3.127228 1.000000 -0.401597 -0.818512 3.095262 1.000000 -0.141472 0.156150 2.998554 1.000000 -0.135560 -0.391455 3.093678 1.000000 -0.159506 -0.774611 3.175723 1.000000 -0.149649 -0.826525 3.112256 1.000000
6851396448 -0.218054 0.234504 2.995759 1.000000 -0.223239 0.300002 3.046063 1.000000 -0.214446 0.661499 3.034132 1.000000 -0.208565 0.855983 3.027033 1.000000 -0.384339 0.557089 3.006578 1.000000 -0.513882 0.639827 2.807659 1.000000 -0.400146 0.793457 2.679384 1.000000 -0.342417 0.843359 2.667642 1.000000 -0.044783 0.553089 3.044670 1.000000 0.127230 0.642732 2.892004 1.000000 0.048332 0.803467 2.749696 1.000000 0.005314 0.852784 2.708733 1.000000 -0.294520 0.158898 2.974605 1.000000 -0.346075 -0.376261 3.066269 1.000000 -0.370925 -0.758573 3.127923 1.000000 -0.403427 -0.820488 3.093309 1.000000 -0.140945 0.156338 2.997151 1.000000 -0.135402 -0.392194 3.093625 1.000000 -0.159181 -0.774692 3.175303 1.000000 -0.145828 -0.827911 3.092561 1.000000
6851429455 -0.217822 0.234289 2.995011 1.000000 -0.222929 0.300079 3.044940 1.000000 -0.217398 0.659612 3.028701 1.000000 -0.202461 0.853983 3.022930 1.000000 -0.383919 0.558066 3.006092 1.000000 -0.531708 0.650488 2.815990 1.000000 -0.449871 0.811101 2.704699 1.000000 -0.380898 0.885208 2.678806 1.000000 -0.042255 0.555258 3.043002 1.000000 0.140893 0.651916 2.908181 1.000000 0.090637 0.824707 2.775087 1.000000 0.039124 0.892578 2.724305 1.000000 -0.294378 0.158732 2.974587 1.000000 -0.346170 -0.376861 3.066448 1.000000 -0.371879 -0.761098 3.130209 1.000000 -0.404716 -0.822234 3.092521 1.000000 -0.140391 0.155856 2.995860 1.000000 -0.135709 -0.392832 3.093815 1.000000 -0.159147 -0.774720 3.175236 1.000000 -0.147065 -0.830007 3.093651 1.000000
6851462418 -0.217808 0.234213 2.994793 1.000000 -0.223022 0.300056 3.044223 1.000000 -0.217177 0.657331 3.026174 1.000000 -0.200903 0.851687 3.020581 1.000000 -0.383506 0.558787 3.005412 1.000000 -0.540391 0.649811 2.819467 1.000000 -0.485718 0.826494 2.712032 1.000000 -0.430394 0.913543 2.695296 1.000000 -0.040416 0.559155 3.044004 1.000000 0.151665 0.645343 2.932710 1.000000 0.135265 0.821687 2.815824 1.000000 0.094265 0.898137 2.757577 1.000000 -0.294385 0.158646 2.974769 1.000000 -0.346471 -0.376521 3.066193 1.000000 -0.372156 -0.760909 3.130246 1.000000 -0.403768 -0.820768 3.094573 1.000000 -0.140472 0.155637 2.995330 1.000000 -0.135695 -0.392857 3.093801 1.000000 -0.159067 -0.774621 3.175147 1.000000 -0.147091 -0.830468 3.093922 1.000000
6851496681 -0.217504 0.234433 2.994420 1.000000 -0.222829 0.300501 3.043143 1.000000 -0.216874 0.657199 3.023709 1.000000 -0.198199 0.851170 3.017199 1.000000 -0.383514 0.560017 3.003839 1.000000 -0.558691 0.642203 2.827556 1.000000 -0.541806 0.823520 2.719786 1.000000 -0.498327 0.917344 2.705140 1.000000 -0.039561 0.560559 3.044079 1.000000 0.160973 0.649574 2.939885 1.000000 0.148302 0.895374 2.798464 1.000000 0.126708 0.954211 2.753397 1.000000 -0.294214 0.158658 2.974759 1.000000 -0.346592 -0.376323 3.066313 1.000000 -0.370878 -0.759987 3.127338 1.000000 -0.403718 -0.822357 3.097237 1.000000 -0.140301 0.155710 2.995219 1.000000 -0.135539 -0.392343 3.093526 1.000000 -0.159097 -0.774602 3.175158 1.000000 -0.147647 -0.826855 3.111228 1.000000
6851529586 -0.217430 0.234281 2.994015 1.000000 -0.222787 0.300666 3.041456 1.000000 -0.215988 0.655857 3.019269 1.000000 -0.197895 0.851049 3.017562 1.000000 -0.383821 0.561227 3.002147 1.000000 -0.578759 0.633360 2.830399 1.000000 -0.565430 0.888184 2.720399 1.000000 -0.544269 0.959804 2.700867 1.000000 -0.039311 0.560444 3.043954 1.000000 0.184795 0.648729 2.953945 1.000000 0.208740 0.864258 2.847353 1.000000 0.201586 0.936549 2.821247 1.000000 -0.294225 0.158584 2.974775 1.000000 -0.346497 -0.376130 3.066421 1.000000 -0.370804 -0.759823 3.126902 1.000000 -0.407842 -0.827502 3.108224 1.000000 -0.140266 0.155281 2.994966 1.000000 -0.135593 -0.393022 3.093256 1.000000 -0.159291 -0.775934 3.175228 1.000000 -0.148002 -0.830011 3.104344 1.000000
6851562269 -0.217675 0.234610 2.993080 1.000000 -0.222892 0.300878 3.039715 1.000000 -0.216133 0.655440 3.018428 1.000000 -0.194823 0.849877 3.014529 1.000000 -0.385039 0.562098 3.001292 1.000000 -0.595609 0.618741 2.839530 1.000000 -0.633475 0.797533 2.732956 1.000000 -0.631349 0.897906 2.704035 1.000000 -0.036275 0.557039 3.042900 1.000000 0.201107 0.625117 2.974406 1.000000 0.256836 0.815430 2.874696 1.000000 0.261719 0.901367 2.839540 1.000000 -0.294881 0.158591 2.974144 1.000000 -0.346459 -0.375967 3.066250 1.000000 -0.371745 -0.761146 3.127230 1.000000 -0.407078 -0.827663 3.107509 1.000000 -0.140233 0.154769 2.994214 1.000000 -0.135519 -0.391775 3.092941 1.000000 -0.159176 -0.774245 3.174549 1.000000 -0.148059 -0.827003 3.107501 1.000000
6851596583 -0.217510 0.234461 2.992248 1.000000 -0.222772 0.300783 3.037874 1.000000 -0.215980 0.654941 3.016674 1.000000 -0.192874 0.848743 3.010702 1.000000 -0.384797 0.562081 2.999429 1.000000 -0.596680 0.571289 2.882612 1.000000 -0.675946 0.722616 2.755599 1.000000 -0.684657 0.797664 2.739517 1.000000 -0.034440 0.554972 3.042332 1.000000 0.196777 0.577637 2.999799 1.000000 0.292737 0.741349 2.908593 1.000000 0.321036 0.837738 2.879779 1.000000 -0.294942 0.158232 2.973360 1.000000 -0.346379 -0.375781 3.066227 1.000000 -0.370869 -0.761607 3.128568 1.000000 -0.406107 -0.825855 3.107049 1.000000 -0.139953 0.154196 2.993870 1.000000 -0.135815 -0.391494 3.092968 1.000000 -0.159248 -0.773883 3.174837 1.000000 -0.148409 -0.826342 3.110215 1.000000
6851629442 -0.217335 0.234618 2.991580 1.000000 -0.222577 0.300957 3.036376 1.000000 -0.215917 0.654615 3.015529 1.000000 -0.191289 0.847213 3.006209 1.000000 -0.387573 0.561415 2.997375 1.000000 -0.603464 0.551616 2.894822 1.000000 -0.731445 0.703613 2.759462 1.000000 -0.756146 0.770116 2.729061 1.000000 -0.033939 0.553154 3.041119 1.000000 0.205373 0.561083 3.009986 1.000000 0.342041 0.716309 2.921571 1.000000 0.378662 0.798828 2.894227 1.000000 -0.295037 0.158049 2.973052 1.000000 -0.346298 -0.375712 3.065855 1.000000 -0.370605 -0.761570 3.128963 1.000000 -0.403416 -0.823811 3.105498 1.000000 -0.139457 0.153820 2.993243 1.000000 -0.135697 -0.389403 3.092201 1.000000 -0.159329 -0.773491 3.174904 1.000000 -0.145872 -0.824245 3.115286 1.000000
6851663324 -0.217234 0.234560 2.991377 1.000000 -0.222455 0.301003 3.035268 1.000000 -0.216283 0.653925 3.014008 1.000000 -0.189094 0.845228 3.000957 1.000000 -0.388227 0.560983 2.996502 1.000000 -0.619629 0.505371 2.919720 1.000000 -0.773926 0.645996 2.755555 1.000000 -0.819043 0.705317 2.735503 1.000000 -0.033810 0.552519 3.040812 1.000000 0.191040 0.513672 3.040814 1.000000 0.392864 0.677676 2.930899 1.000000 0.439273 0.739168 2.935540 1.000000 -0.295047 0.157808 2.972860 1.000000 -0.346284 -0.375723 3.065935 1.000000 -0.370835 -0.761075 3.128936 1.000000 -0.402147 -0.821594 3.101843 1.000000 -0.139045 0.153367 2.993324 1.000000 -0.135839 -0.389081 3.091931 1.000000 -0.159326 -0.773902 3.175837 1.000000 -0.147900 -0.825767 3.119491 1.000000
6851696369 -0.216976 0.234112 2.990498 1.000000 -0.222204 0.300607 3.032966 1.000000 -0.215846 0.651368 3.010191 1.000000 -0.188565 0.841407 2.992684 1.000000 -0.388753 0.559634 2.995153 1.000000 -0.603622 0.482533 2.935336 1.000000 -0.809813 0.566883 2.756532 1.000000 -0.863202 0.596781 2.709550 1.000000 -0.033590 0.551007 3.041101 1.000000 0.195738 0.491525 3.047524 1.000000 0.408325 0.579590 2.961609 1.000000 0.475586 0.632324 2.943054 1.000000 -0.295103 0.156948 2.971856 1.000000 -0.346307 -0.375594 3.066046 1.000000 -0.370214 -0.760679 3.128907 1.000000 -0.403436 -0.822923 3.102603 1.000000 -0.138580 0.152550 2.993134 1.000000 -0.135930 -0.388623 3.091384 1.000000 -0.159162 -0.773714 3.175664 1.000000 -0.148217 -0.826289 3.119896 1.000000
6851729631 -0.216767 0.233022 2.989694 1.000000 -0.222210 0.299699 3.030806 1.000000 -0.216780 0.650428 3.007616 1.000000 -0.187739 0.840650 2.992199 1.000000 -0.389495 0.558286 2.994519 1.000000 -0.597325 0.452230 2.953551 1.000000 -0.766760 0.447155 2.824644 1.000000 -0.825236 0.455580 2.775088 1.000000 -0.034208 0.548877 3.042281 1.000000 0.184735 0.456641 3.064280 1.000000 0.402344 0.491943 2.984070 1.000000 0.470343 0.521465 2.962841 1.000000 -0.294986 0.155325 2.971457 1.000000 -0.346040 -0.375864 3.066438 1.000000 -0.370013 -0.760790 3.129033 1.000000 -0.403426 -0.822931 3.102569 1.000000 -0.138067 0.151392 2.992784 1.000000 -0.136115 -0.388771 3.091521 1.000000 -0.159172 -0.773743 3.175662 1.000000 -0.147909 -0.825909 3.119288 1.000000
6851763534 -0.216708 0.232165 2.988576 1.000000 -0.222512 0.298930 3.028795 1.000000 -0.217603 0.650137 3.006998 1.000000 -0.187717 0.840462 2.992163 1.000000 -0.390820 0.556593 2.995158 1.000000 -0.597953 0.425234 2.965039 1.000000 -0.756398 0.367966 2.834624 1.000000 -0.840552 0.369744 2.772991 1.000000 -0.035260 0.546917 3.045668 1.000000 0.165979 0.432875 3.068841 1.000000 0.364127 0.407007 3.009702 1.000000 0.464795 0.414673 2.983419 1.000000 -0.295008 0.154171 2.970863 1.000000 -0.345760 -0.377501 3.067988 1.000000 -0.369667 -0.760127 3.128992 1.000000 -0.403244 -0.822856 3.102490 1.000000 -0.137557 0.150396 2.991330 1.000000 -0.136219 -0.388765 3.091396 1.000000 -0.159016 -0.773398 3.175235 1.000000 -0.148485 -0.825653 3.119018 1.000000
6851796390 -0.215846 0.230516 2.987695 1.000000 -0.221693 0.297471 3.026918 1.000000 -0.217501 0.649205 3.005631 1.000000 -0.187896 0.839023 2.988737 1.000000 -0.391137 0.553564 2.995751 1.000000 -0.576782 0.394174 2.986471 1.000000 -0.740723 0.301758 2.845397 1.000000 -0.815430 0.274658 2.782897 1.000000 -0.035215 0.545157 3.046585 1.000000 0.154242 0.399212 3.071565 1.000000 0.403564 0.336426 2.991882 1.000000 0.480335 0.329845 2.989375 1.000000 -0.294204 0.152303 2.970026 1.000000 -0.345752 -0.378247 3.068493 1.000000 -0.370261 -0.760427 3.129798 1.000000 -0.402822 -0.822044 3.102336 1.000000 -0.136318 0.148263 2.991128 1.000000 -0.137484 -0.392424 3.091912 1.000000 -0.158590 -0.773402 3.174854 1.000000 -0.154464 -0.836027 3.098925 1.000000
6851829324 -0.215445 0.229423 2.987004 1.000000 -0.221422 0.296700 3.024951 1.000000 -0.218282 0.648515 3.002586 1.000000 -0.188002 0.838847 2.987563 1.000000 -0.391784 0.543540 2.994798 1.000000 -0.562950 0.366979 2.987726 1.000000 -0.698730 0.236572 2.859069 1.000000 -0.771484 0.191040 2.812194 1.000000 -0.035127 0.542394 3.047472 1.000000 0.131913 0.370108 3.071990 1.000000 0.329468 0.277222 3.007506 1.000000 0.428449 0.247320 2.993538 1.000000 -0.293834 0.150799 2.969512 1.000000 -0.345837 -0.376387 3.068746 1.000000 -0.369937 -0.758946 3.129606 1.000000 -0.401670 -0.820583 3.101331 1.000000 -0.135594 0.147134 2.991045 1.000000 -0.137724 -0.392436 3.091706 1.000000 -0.158378 -0.772881 3.174721 1.000000 -0.150436 -0.830306 3.103996 1.000000
6851863533 -0.214813 0.226178 2.986138 1.000000 -0.221017 0.294188 3.023352 1.000000 -0.218254 0.648373 3.002522 1.000000 -0.187280 0.838392 2.986601 1.000000 -0.390410 0.541207 2.994058 1.000000 -0.544670 0.335735 2.984696 1.000000 -0.661133 0.172852 2.851256 1.000000 -0.707520 0.120178 2.812194 1.000000 -0.036061 0.535141 3.047796 1.000000 0.111448 0.336573 3.072053 1.000000 0.274902 0.212891 3.013366 1.000000 0.369858 0.172078 2.998757 1.000000 -0.293003 0.147976 2.967836 1.000000 -0.345834 -0.376378 3.068770 1.000000 -0.370029 -0.758930 3.130105 1.000000 -0.401234 -0.821336 3.101072 1.000000 -0.135110 0.144099 2.991437 1.000000 -0.137198 -0.394214 3.092003 1.000000 -0.158565 -0.773109 3.174156 1.000000 -0.147089 -0.830465 3.094108 1.000000
6851896308 -0.214846 0.224288 2.986020 1.000000 -0.221179 0.292526 3.022478 1.000000 -0.218091 0.647877 3.002612 1.000000 -0.186547 0.836377 2.981925 1.000000 -0.389480 0.539422 2.993148 1.000000 -0.530632 0.328759 2.988846 1.000000 -0.610352 0.140503 2.866882 1.000000 -0.644043 0.074219 2.812194 1.000000 -0.036815 0.530025 3.049248 1.000000 0.097945 0.329071 3.066461 1.000000 0.248291 0.160889 3.003600 1.000000 0.332512 0.102490 2.983623 1.000000 -0.292943 0.146616 2.967522 1.000000 -0.345749 -0.376553 3.068551 1.000000 -0.371307 -0.760210 3.129837 1.000000 -0.401046 -0.820246 3.096245 1.000000 -0.135421 0.142237 2.991816 1.000000 -0.137143 -0.393634 3.091697 1.000000 -0.158093 -0.772457 3.173521 1.000000 -0.148701 -0.826038 3.109788 1.000000
6851930335 -0.214613 0.222272 2.986122 1.000000 -0.221097 0.290767 3.021872 1.000000 -0.218245 0.647291 3.002700 1.000000 -0.185861 0.835493 2.981353 1.000000 -0.387914 0.537791 2.991930 1.000000 -0.501260 0.310746 2.984954 1.000000 -0.547852 0.122437 2.857116 1.000000 -0.567871 0.054749 2.810241 1.000000 -0.037098 0.529523 3.049360 1.000000 0.073508 0.305405 3.061388 1.000000 0.207764 0.122925 2.982116 1.000000 0.269712 0.049077 2.941934 1.000000 -0.292324 0.145110 2.967478 1.000000 -0.345632 -0.376612 3.068515 1.000000 -0.371474 -0.760152 3.129768 1.000000 -0.399263 -0.818843 3.095206 1.000000 -0.135479 0.140761 2.992303 1.000000 -0.137105 -0.393302 3.091488 1.000000 -0.158169 -0.772457 3.173526 1.000000 -0.146464 -0.823640 3.111783 1.000000
6851963274 -0.214325 0.220412 2.986351 1.000000 -0.221071 0.289220 3.021397 1.000000 -0.218289 0.646926 3.002761 1.000000 -0.183672 0.836523 2.986933 1.000000 -0.386456 0.536339 2.990574 1.000000 -0.491956 0.312951 2.981982 1.000000 -0.505637 0.124345 2.855320 1.000000 -0.500000 0.046204 2.804382 1.000000 -0.039090 0.529786 3.050384 1.000000 0.047524 0.303459 3.056359 1.000000 0.154663 0.107544 2.945007 1.000000 0.201050 0.044739 2.919617 1.000000 -0.291496 0.143879 2.967620 1.000000 -0.345468 -0.378180 3.068041 1.000000 -0.372000 -0.760164 3.130083 1.000000 -0.400014 -0.821105 3.100591 1.000000 -0.135659 0.139904 2.992782 1.000000 -0.136892 -0.391673 3.090706 1.000000 -0.158073 -0.772060 3.173535 1.000000 -0.147364 -0.821395 3.116764 1.000000
6851996390 -0.213950 0.218754 2.986268 1.000000 -0.220786 0.288000 3.020849 1.000000 -0.218099 0.646930 3.002952 1.000000 -0.184195 0.836964 2.987982 1.000000 -0.384974 0.535835 2.989671 1.000000 -0.478264 0.313099 2.981084 1.000000 -0.454102 0.130371 2.821961 1.000000 -0.439697 0.055817 2.792664 1.000000 -0.039931 0.529656 3.050630 1.000000 0.033480 0.309870 3.054223 1.000000 0.093052 0.144770 2.934530 1.000000 0.121421 0.074142 2.862996 1.000000 -0.290746 0.142972 2.967573 1.000000 -0.345467 -0.378800 3.067794 1.000000 -0.371655 -0.758839 3.129116 1.000000 -0.399801 -0.820292 3.100878 1.000000 -0.135811 0.138996 2.992800 1.000000 -0.136901 -0.392592 3.090786 1.000000 -0.158398 -0.772935 3.173822 1.000000 -0.147185 -0.824256 3.111387 1.000000
6852030276 -0.213679 0.218663 2.986332 1.000000 -0.220630 0.287917 3.020493 1.000000 -0.218025 0.647023 3.003347 1.000000 -0.184573 0.837929 2.990955 1.000000 -0.384614 0.534909 2.988705 1.000000 -0.470367 0.317521 2.981567 1.000000 -0.420992 0.151925 2.834404 1.000000 -0.399855 0.090190 2.793092 1.000000 -0.040389 0.530097 3.051072 1.000000 0.022262 0.316597 3.055358 1.000000 0.057754 0.160082 2.914070 1.000000 0.069206 0.096704 2.831788 1.000000 -0.290155 0.142749 2.967436 1.000000 -0.345512 -0.377389 3.066697 1.000000 -0.370043 -0.753712 3.125443 1.000000 -0.405789 -0.821115 3.094500 1.000000 -0.135562 0.139012 2.993035 1.000000 -0.136950 -0.392617 3.090916 1.000000 -0.158242 -0.772696 3.173645 1.000000 -0.148014 -0.824249 3.112728 1.000000
6852063192 -0.213368 0.218275 2.986369 1.000000 -0.220336 0.287581 3.020160 1.000000 -0.217855 0.646987 3.003480 1.000000 -0.184165 0.837988 2.991387 1.000000 -0.383837 0.534940 2.988588 1.000000 -0.468049 0.324635 2.976923 1.000000 -0.402344 0.182826 2.830567 1.000000 -0.370929 0.122009 2.751626 1.000000 -0.040923 0.530062 3.051424 1.000000 0.017595 0.317971 3.053158 1.000000 0.048607 0.176524 2.894346 1.000000 0.032806 0.134399 2.784851 1.000000 -0.289506 0.142493 2.967535 1.000000 -0.345404 -0.377600 3.066779 1.000000 -0.370443 -0.754217 3.125845 1.000000 -0.407151 -0.822547 3.100337 1.000000 -0.135527 0.138939 2.993064 1.000000 -0.137268 -0.392553 3.090785 1.000000 -0.158262 -0.772442 3.173272 1.000000 -0.148696 -0.824170 3.113679 1.000000
6852096284 -0.212794 0.217792 2.986301 1.000000 -0.219842 0.287090 3.019937 1.000000 -0.217199 0.646913 3.004327 1.000000 -0.183958 0.837953 2.992710 1.000000 -0.381639 0.535507 2.988415 1.000000 -0.463782 0.326496 2.973393 1.000000 -0.376953 0.196167 2.782899 1.000000 -0.347737 0.161541 2.720317 1.000000 -0.041127 0.530186 3.051918 1.000000 0.015129 0.318604 3.051570 1.000000 0.042854 0.202252 2.871404 1.000000 0.004631 0.168213 2.759461 1.000000 -0.288234 0.142256 2.967069 1.000000 -0.345260 -0.378529 3.067558 1.000000 -0.370826 -0.754426 3.127423 1.000000 -0.404771 -0.820959 3.100115 1.000000 -0.135429 0.138792 2.993115 1.000000 -0.137212 -0.392423 3.090813 1.000000 -0.158322 -0.772820 3.173742 1.000000 -0.151447 -0.825922 3.122929 1.000000
6852130396 -0.212810 0.217328 2.986432 1.000000 -0.219810 0.286518 3.019902 1.000000 -0.216774 0.646082 3.004756 1.000000 -0.184712 0.837566 2.994651 1.000000 -0.380158 0.536269 2.989033 1.000000 -0.463983 0.329893 2.968270 1.000000 -0.400681 0.222127 2.792148 1.000000 -0.355883 0.185810 2.704977 1.000000 -0.041196 0.530452 3.052725 1.000000 0.015124 0.323165 3.047006 1.000000 0.051688 0.226163 2.856507 1.000000 -0.005441 0.180830 2.737986 1.000000 -0.288121 0.142110 2.967080 1.000000 -0.345245 -0.378600 3.067678 1.000000 -0.370959 -0.754475 3.127980 1.000000 -0.403061 -0.820120 3.099164 1.000000 -0.135899 0.138226 2.993505 1.000000 -0.137184 -0.392828 3.091311 1.000000 -0.158363 -0.772856 3.173739 1.000000 -0.141883 -0.834077 3.097607 1.000000
6852163435 -0.212302 0.217238 2.986657 1.000000 -0.219358 0.286450 3.020103 1.000000 -0.216236 0.647021 3.005907 1.000000 -0.185394 0.839950 3.001441 1.000000 -0.380016 0.536364 2.989226 1.000000 -0.461151 0.334031 2.958222 1.000000 -0.375091 0.237983 2.760324 1.000000 -0.345517 0.204977 2.697051 1.000000 -0.041096 0.531031 3.053465 1.000000 0.014377 0.329893 3.039952 1.000000 0.053033 0.223397 2.855519 1.000000 -0.032928 0.209595 2.706729 1.000000 -0.286874 0.142062 2.967510 1.000000 -0.345353 -0.378738 3.068051 1.000000 -0.371158 -0.754793 3.128237 1.000000 -0.401838 -0.819826 3.098554 1.000000 -0.135778 0.138194 2.993558 1.000000 -0.137216 -0.394471 3.093008 1.000000 -0.158292 -0.774244 3.174407 1.000000 -0.140760 -0.834345 3.097605 1.000000
6852197305 -0.212100 0.217262 2.986960 1.000000 -0.219191 0.286206 3.020894 1.000000 -0.215836 0.647137 3.009378 1.000000 -0.183870 0.840133 3.006663 1.000000 -0.379501 0.537393 2.989611 1.000000 -0.463966 0.338265 2.952261 1.000000 -0.404634 0.242746 2.767326 1.000000 -0.350134 0.211015 2.683925 1.000000 -0.041312 0.532100 3.054220 1.000000 0.017322 0.334387 3.032922 1.000000 -0.015518 0.259521 2.802433 1.000000 -0.033183 0.211901 2.704813 1.000000 -0.286437 0.142225 2.967922 1.000000 -0.345222 -0.379458 3.068901 1.000000 -0.372620 -0.761775 3.132398 1.000000 -0.412480 -0.831842 3.086771 1.000000 -0.135756 0.138266 2.993585 1.000000 -0.137197 -0.394355 3.093021 1.000000 -0.158080 -0.773972 3.174344 1.000000 -0.149658 -0.829952 3.123558 1.000000
6852230243 -0.211726 0.217288 2.987309 1.000000 -0.219002 0.285946 3.022077 1.000000 -0.215360 0.647630 3.013121 1.000000 -0.184625 0.839291 3.003896 1.000000 -0.379138 0.537600 2.989815 1.000000 -0.465498 0.339362 2.948483 1.000000 -0.383714 0.260585 2.740717 1.000000 -0.355603 0.233508 2.674040 1.000000 -0.041162 0.534213 3.056068 1.000000 0.020167 0.335709 3.028424 1.000000 -0.018582 0.242936 2.756530 1.000000 -0.031498 0.212011 2.670491 1.000000 -0.285699 0.142266 2.968054 1.000000 -0.345205 -0.379316 3.069106 1.000000 -0.372084 -0.760069 3.129337 1.000000 -0.406090 -0.824242 3.090818 1.000000 -0.135673 0.138377 2.993699 1.000000 -0.137025 -0.394003 3.093045 1.000000 -0.158111 -0.773403 3.173753 1.000000 -0.149688 -0.827847 3.121489 1.000000
6852263510 -0.211752 0.217350 2.987665 1.000000 -0.219187 0.285817 3.023360 1.000000 -0.215984 0.647797 3.015147 1.000000 -0.186001 0.840814 3.011661 1.000000 -0.378933 0.537541 2.990516 1.000000 -0.466696 0.340929 2.945492 1.000000 -0.405327 0.243630 2.762399 1.000000 -0.360749 0.221493 2.670489 1.000000 -0.041302 0.534448 3.056458 1.000000 0.019987 0.336345 3.028023 1.000000 0.052664 0.237379 2.838068 1.000000 -0.032625 0.214286 2.699098 1.000000 -0.285654 0.142382 2.968259 1.000000 -0.345239 -0.379085 3.069157 1.000000 -0.372097 -0.760135 3.129192 1.000000 -0.404712 -0.823016 3.090970 1.000000 -0.135741 0.138487 2.993843 1.000000 -0.137062 -0.393858 3.093059 1.000000 -0.157612 -0.772255 3.173075 1.000000 -0.149663 -0.826606 3.122036 1.000000
6852297299 -0.211779 0.217524 2.988427 1.000000 -0.219455 0.285707 3.025108 1.000000 -0.216793 0.647196 3.017257 1.000000 -0.183368 0.838314 3.008150 1.000000 -0.379076 0.537581 2.990751 1.000000 -0.466981 0.341218 2.945013 1.000000 -0.387656 0.261440 2.736598 1.000000 -0.360398 0.234026 2.669716 1.000000 -0.041373 0.534823 3.056832 1.000000 0.020045 0.336699 3.027757 1.000000 0.052621 0.237347 2.838055 1.000000 -0.030539 0.213447 2.699914 1.000000 -0.285588 0.142507 2.968990 1.000000 -0.345287 -0.379222 3.069336 1.000000 -0.372189 -0.759959 3.128367 1.000000 -0.403496 -0.822317 3.091077 1.000000 -0.135764 0.138658 2.994100 1.000000 -0.137008 -0.393576 3.093076 1.000000 -0.157453 -0.771594 3.173141 1.000000 -0.149301 -0.825426 3.121160 1.000000
6852330253 -0.211905 0.217255 2.988775 1.000000 -0.219634 0.285371 3.026189 1.000000 -0.216952 0.647092 3.017583 1.000000 -0.184195 0.838374 3.008483 1.000000 -0.379120 0.537517 2.991683 1.000000 -0.466238 0.340582 2.945029 1.000000 -0.389896 0.259442 2.735967 1.000000 -0.363667 0.231564 2.668872 1.000000 -0.041711 0.534934 3.056776 1.000000 0.020216 0.336759 3.027844 1.000000 0.053462 0.236840 2.838642 1.000000 0.026250 0.197393 2.745769 1.000000 -0.285642 0.142362 2.969515 1.000000 -0.345365 -0.379218 3.069475 1.000000 -0.372402 -0.759937 3.127727 1.000000 -0.402703 -0.822778 3.090883 1.000000 -0.135907 0.138572 2.994164 1.000000 -0.136988 -0.394100 3.093568 1.000000 -0.157743 -0.772725 3.173526 1.000000 -0.142454 -0.829575 3.093863 1.000000
6852363301 -0.212024 0.217323 2.989027 1.000000 -0.219842 0.285356 3.027075 1.000000 -0.217029 0.647048 3.017831 1.000000 -0.184452 0.838179 3.007861 1.000000 -0.379643 0.537833 2.992175 1.000000 -0.466600 0.340549 2.945811 1.000000 -0.391170 0.255512 2.738039 1.000000 -0.365258 0.226300 2.671396 1.000000 -0.041873 0.534952 3.057032 1.000000 0.020079 0.337032 3.028444 1.000000 0.055097 0.232645 2.842270 1.000000 -0.018936 0.205566 2.716500 1.000000 -0.285890 0.142423 2.969954 1.000000 -0.345423 -0.378747 3.069315 1.000000 -0.372276 -0.759337 3.127382 1.000000 -0.402048 -0.821995 3.092583 1.000000 -0.135960 0.138621 2.994199 1.000000 -0.137165 -0.393899 3.093546 1.000000 -0.157602 -0.771963 3.173541 1.000000 -0.147971 -0.824067 3.105906 1.000000
6852397227 -0.212054 0.217343 2.989338 1.000000 -0.219808 0.285314 3.028070 1.000000 -0.217348 0.647342 3.018467 1.000000 -0.182971 0.838439 3.010228 1.000000 -0.380222 0.537497 2.994013 1.000000 -0.465668 0.340491 2.949301 1.000000 -0.391399 0.250860 2.743137 1.000000 -0.365889 0.220074 2.677056 1.000000 -0.041907 0.534906 3.057002 1.000000 0.019836 0.337590 3.029041 1.000000 0.055199 0.228316 2.846052 1.000000 0.027264 0.187610 2.753955 1.000000 -0.285978 0.142382 2.970243 1.000000 -0.345403 -0.378983 3.069759 1.000000 -0.372782 -0.758744 3.128608 1.000000 -0.401091 -0.821679 3.095949 1.000000 -0.135921 0.138663 2.994332 1.000000 -0.136946 -0.392912 3.093507 1.000000 -0.158649 -0.772275 3.174178 1.000000 -0.147406 -0.823649 3.106326 1.000000
6852430332 -0.212049 0.217378 2.989592 1.000000 -0.219736 0.285308 3.028748 1.000000 -0.217173 0.647287 3.018379 1.000000 -0.184181 0.838831 3.011551 1.000000 -0.380431 0.537363 2.995151 1.000000 -0.464699 0.340512 2.952077 1.000000 -0.399635 0.240079 2.747907 1.000000 -0.377290 0.205586 2.682520 1.000000 -0.042090 0.535021 3.056945 1.000000 0.019623 0.337751 3.029787 1.000000 0.056467 0.223737 2.850335 1.000000 -0.030792 0.191528 2.724313 1.000000 -0.286073 0.142441 2.970807 1.000000 -0.345624 -0.378851 3.070502 1.000000 -0.372330 -0.758331 3.127784 1.000000 -0.400872 -0.821245 3.096102 1.000000 -0.135935 0.138749 2.994471 1.000000 -0.136815 -0.392679 3.093639 1.000000 -0.158287 -0.772104 3.173937 1.000000 -0.148704 -0.824907 3.114865 1.000000
6852462464 -0.212071 0.217410 2.989747 1.000000 -0.219705 0.285340 3.029187 1.000000 -0.217394 0.647140 3.017788 1.000000 -0.183944 0.838550 3.011372 1.000000 -0.381015 0.537102 2.996110 1.000000 -0.464146 0.342691 2.957902 1.000000 -0.393031 0.240013 2.757106 1.000000 -0.368611 0.204755 2.692885 1.000000 -0.042215 0.535053 3.056905 1.000000 0.019326 0.337664 3.029890 1.000000 -0.001250 0.229899 2.819798 1.000000 -0.008316 0.192893 2.752385 1.000000 -0.286168 0.142398 2.971258 1.000000 -0.345632 -0.379217 3.070821 1.000000 -0.372125 -0.758143 3.127707 1.000000 -0.400845 -0.821111 3.096179 1.000000 -0.135907 0.138817 2.994590 1.000000 -0.136583 -0.391913 3.093843 1.000000 -0.158278 -0.772098 3.173835 1.000000 -0.148328 -0.824386 3.114886 1.000000
6852497495 -0.212196 0.217384 2.989787 1.000000 -0.219864 0.285330 3.029463 1.000000 -0.217620 0.647123 3.017319 1.000000 -0.183986 0.838524 3.011636 1.000000 -0.381057 0.537003 2.996185 1.000000 -0.465440 0.343376 2.957720 1.000000 -0.416534 0.242303 2.773191 1.000000 -0.373705 0.199383 2.688111 1.000000 -0.042364 0.535059 3.056863 1.000000 0.019631 0.337213 3.030556 1.000000 0.055507 0.218747 2.854167 1.000000 -0.025452 0.187500 2.737985 1.000000 -0.286414 0.142385 2.971522 1.000000 -0.345541 -0.379244 3.071012 1.000000 -0.372069 -0.758021 3.127657 1.000000 -0.400637 -0.821137 3.097221 1.000000 -0.136014 0.138837 2.994549 1.000000 -0.136754 -0.391648 3.093956 1.000000 -0.157949 -0.771800 3.174007 1.000000 -0.148264 -0.824067 3.115304 1.000000
6852530166 -0.212294 0.217439 2.989926 1.000000 -0.219916 0.285368 3.029779 1.000000 -0.217649 0.647138 3.017220 1.000000 -0.184440 0.838383 3.011234 1.000000 -0.381846 0.536677 2.996651 1.000000 -0.466275 0.344120 2.958999 1.000000 -0.404915 0.221209 2.767124 1.000000 -0.383850 0.179014 2.705984 1.000000 -0.042350 0.535203 3.056935 1.000000 0.019064 0.337314 3.031505 1.000000 -0.005602 0.230414 2.821374 1.000000 -0.014070 0.193715 2.753966 1.000000 -0.286786 0.142382 2.972151 1.000000 -0.345623 -0.378466 3.071109 1.000000 -0.370971 -0.757335 3.128160 1.000000 -0.400701 -0.820806 3.097416 1.000000 -0.136022 0.138836 2.994545 1.000000 -0.136566 -0.391318 3.094069 1.000000 -0.157851 -0.771592 3.174648 1.000000 -0.148730 -0.824102 3.117972 1.000000
6852563460 -0.212361 0.217242 2.990180 1.000000 -0.220057 0.285175 3.030228 1.000000 -0.218183 0.647121 3.017415 1.000000 -0.185918 0.838662 3.012657 1.000000 -0.381775 0.536531 2.996860 1.000000 -0.466165 0.343991 2.959660 1.000000 -0.411147 0.225549 2.788826 1.000000 -0.384464 0.190678 2.725275 1.000000 -0.042418 0.535135 3.056900 1.000000 0.018693 0.336894 3.032242 1.000000 -0.012934 0.227247 2.824714 1.000000 -0.025339 0.184239 2.748720 1.000000 -0.286820 0.142186 2.972539 1.000000 -0.345544 -0.378589 3.071036 1.000000 -0.371378 -0.757643 3.127009 1.000000 -0.402187 -0.824891 3.102410 1.000000 -0.136011 0.138787 2.994592 1.000000 -0.136334 -0.391280 3.094330 1.000000 -0.157936 -0.771775 3.174417 1.000000 -0.148653 -0.824399 3.118953 1.000000
6852597415 -0.212372 0.217241 2.990244 1.000000 -0.220145 0.285125 3.030520 1.000000 -0.218328 0.647069 3.017707 1.000000 -0.187088 0.838376 3.011890 1.000000 -0.381734 0.536632 2.997298 1.000000 -0.465336 0.342944 2.961016 1.000000 -0.408001 0.221682 2.793259 1.000000 -0.386429 0.200826 2.742061 1.000000 -0.042700 0.535308 3.057499 1.000000 0.018307 0.335955 3.032353 1.000000 -0.020412 0.198370 2.782136 1.000000 -0.085770 0.147339 2.614939 1.000000 -0.286812 0.142204 2.972571 1.000000 -0.345659 -0.379645 3.072213 1.000000 -0.372436 -0.758356 3.128512 1.000000 -0.400711 -0.823705 3.105176 1.000000 -0.136014 0.138796 2.994599 1.000000 -0.136300 -0.391241 3.094361 1.000000 -0.157615 -0.772646 3.175211 1.000000 -0.148287 -0.824247 3.118181 1.000000
6852630394 -0.212601 0.217157 2.990373 1.000000 -0.220291 0.285143 3.030648 1.000000 -0.218531 0.647056 3.016847 1.000000 -0.187182 0.838276 3.011394 1.000000 -0.381856 0.536496 2.997684 1.000000 -0.466727 0.341975 2.963274 1.000000 -0.411072 0.219303 2.796081 1.000000 -0.380711 0.187261 2.731354 1.000000 -0.043110 0.535340 3.057376 1.000000 0.019202 0.332886 3.035470 1.000000 0.011770 0.209463 2.859231 1.000000 -0.019638 0.167114 2.765330 1.000000 -0.287036 0.142232 2.972797 1.000000 -0.345524 -0.379348 3.072179 1.000000 -0.372572 -0.758349 3.129261 1.000000 -0.401791 -0.823475 3.105818 1.000000 -0.136357 0.138671 2.994807 1.000000 -0.136611 -0.391207 3.094614 1.000000 -0.157695 -0.772662 3.175341 1.000000 -0.148642 -0.824244 3.118247 1.000000
6852663441 -0.212484 0.217229 2.990479 1.000000 -0.220138 0.285225 3.030723 1.000000 -0.217930 0.646731 3.016375 1.000000 -0.187278 0.837464 3.009100 1.000000 -0.381894 0.536388 2.997990 1.000000 -0.464641 0.341250 2.965603 1.000000 -0.414757 0.209133 2.804444 1.000000 -0.372091 0.151626 2.728349 1.000000 -0.043116 0.535335 3.057344 1.000000 0.017656 0.328798 3.035900 1.000000 0.012079 0.206904 2.858490 1.000000 -0.025291 0.143735 2.752331 1.000000 -0.287000 0.142284 2.972926 1.000000 -0.345455 -0.379442 3.072261 1.000000 -0.372187 -0.757753 3.129431 1.000000 -0.401721 -0.823196 3.105353 1.000000 -0.136170 0.138765 2.994936 1.000000 -0.136611 -0.391181 3.094628 1.000000 -0.157682 -0.772544 3.175247 1.000000 -0.148478 -0.824194 3.118702 1.000000
6852697475 -0.212534 0.217202 2.990369 1.000000 -0.220108 0.285185 3.030602 1.000000 -0.217750 0.646353 3.016047 1.000000 -0.187152 0.836819 3.008281 1.000000 -0.381995 0.536413 2.998589 1.000000 -0.464709 0.336104 2.967909 1.000000 -0.399658 0.176758 2.798533 1.000000 -0.366225 0.138899 2.734636 1.000000 -0.043054 0.535064 3.057403 1.000000 0.017187 0.326943 3.035717 1.000000 -0.005173 0.174805 2.859080 1.000000 -0.030066 0.123864 2.763919 1.000000 -0.287128 0.142266 2.972850 1.000000 -0.345506 -0.379158 3.071806 1.000000 -0.372241 -0.758017 3.129713 1.000000 -0.400719 -0.821910 3.102219 1.000000 -0.136209 0.138666 2.994612 1.000000 -0.136543 -0.391188 3.094571 1.000000 -0.157638 -0.772774 3.175663 1.000000 -0.149097 -0.824371 3.120129 1.000000
6852730144 -0.212536 0.217206 2.990351 1.000000 -0.220064 0.285189 3.030535 1.000000 -0.217902 0.645714 3.015696 1.000000 -0.187991 0.836157 3.007992 1.000000 -0.382322 0.536042 2.998680 1.000000 -0.462960 0.333541 2.968564 1.000000 -0.398530 0.166349 2.806558 1.000000 -0.366447 0.103088 2.764220 1.000000 -0.043170 0.534867 3.057132 1.000000 0.013996 0.313148 3.035317 1.000000 -0.009399 0.165349 2.872832 1.000000 -0.032711 0.095441 2.798695 1.000000 -0.287203 0.142250 2.972849 1.000000 -0.345450 -0.378947 3.071943 1.000000 -0.371975 -0.756297 3.129148 1.000000 -0.424815 -0.833800 3.108855 1.000000 -0.136070 0.138687 2.994482 1.000000 -0.136720 -0.390794 3.094630 1.000000 -0.157688 -0.772649 3.176868 1.000000 -0.149142 -0.824269 3.120165 1.000000
6852763205 -0.212543 0.217262 2.990310 1.000000 -0.220020 0.285306 3.030388 1.000000 -0.217629 0.645962 3.015198 1.000000 -0.188120 0.836030 3.006381 1.000000 -0.382748 0.535862 2.998759 1.000000 -0.461189 0.331213 2.970064 1.000000 -0.398462 0.141921 2.817865 1.000000 -0.369009 0.075264 2.792190 1.000000 -0.043166 0.534802 3.057091 1.000000 0.009592 0.309293 3.036546 1.000000 -0.011022 0.148689 2.879842 1.000000 -0.037574 0.070761 2.815424 1.000000 -0.287432 0.142269 2.972862 1.000000 -0.345290 -0.379245 3.071927 1.000000 -0.371696 -0.755203 3.129081 1.000000 -0.425506 -0.833943 3.109135 1.000000 -0.135943 0.138741 2.994371 1.000000 -0.136467 -0.389894 3.094439 1.000000 -0.157474 -0.771678 3.176387 1.000000 -0.149200 -0.824228 3.120192 1.000000
6852797337 -0.212724 0.217250 2.990010 1.000000 -0.220145 0.285323 3.029924 1.000000 -0.217661 0.645908 3.014491 1.000000 -0.188468 0.836513 3.008146 1.000000 -0.382801 0.535752 2.998794 1.000000 -0.454456 0.322699 2.971184 1.000000 -0.395755 0.111271 2.836217 1.000000 -0.370361 0.032043 2.823920 1.000000 -0.042675 0.534248 3.056973 1.000000 0.007519 0.306050 3.036648 1.000000 -0.015901 0.113518 2.908520 1.000000 -0.046450 0.029950 2.853618 1.000000 -0.288092 0.142121 2.972568 1.000000 -0.345192 -0.379470 3.072616 1.000000 -0.373305 -0.762058 3.129677 1.000000 -0.424981 -0.838487 3.100535 1.000000 -0.135892 0.138615 2.993937 1.000000 -0.136504 -0.389910 3.094396 1.000000 -0.157663 -0.772157 3.177038 1.000000 -0.148477 -0.824322 3.118418 1.000000
6852840450 -0.212771 0.217163 2.989924 1.000000 -0.220249 0.285258 3.029760 1.000000 -0.217904 0.646023 3.014536 1.000000 -0.184135 0.832116 2.994902 1.000000 -0.382748 0.535494 2.998844 1.000000 -0.450159 0.305368 2.970780 1.000000 -0.395075 0.082951 2.868173 1.000000 -0.375977 -0.004883 2.859076 1.000000 -0.042888 0.534133 3.057524 1.000000 -0.001970 0.296889 3.038805 1.000000 -0.019236 0.105200 2.916929 1.000000 -0.045828 0.008144 2.888416 1.000000 -0.288162 0.142080 2.972452 1.000000 -0.345161 -0.379676 3.072688 1.000000 -0.372233 -0.761580 3.127845 1.000000 -0.410353 -0.833168 3.096579 1.000000 -0.135861 0.138536 2.993835 1.000000 -0.136544 -0.390600 3.094490 1.000000 -0.157934 -0.772300 3.176919 1.000000 -0.145175 -0.827456 3.110168 1.000000
6852871703 -0.212963 0.216936 2.989739 1.000000 -0.220311 0.285048 3.029479 1.000000 -0.217809 0.645812 3.014251 1.000000 -0.185187 0.832425 2.995435 1.000000 -0.383036 0.535345 2.998736 1.000000 -0.446181 0.292907 2.970641 1.000000 -0.403256 0.080060 2.881916 1.000000 -0.384619 -0.010246 2.871146 1.000000 -0.043478 0.533453 3.056697 1.000000 -0.003302 0.290895 3.038826 1.000000 -0.014193 0.101441 2.950125 1.000000 -0.035665 0.000317 2.933900 1.000000 -0.288530 0.141834 2.972336 1.000000 -0.345411 -0.380639 3.072556 1.000000 -0.372132 -0.761587 3.127793 1.000000 -0.410219 -0.832371 3.094839 1.000000 -0.136002 0.138311 2.993578 1.000000 -0.136652 -0.391916 3.094606 1.000000 -0.157950 -0.772369 3.176365 1.000000 -0.143778 -0.827712 3.095644 1.000000
6852902901 -0.213131 0.216636 2.989581 1.000000 -0.220454 0.284701 3.029178 1.000000 -0.217789 0.645082 3.013861 1.000000 -0.188417 0.832541 2.995821 1.000000 -0.383124 0.535123 2.998652 1.000000 -0.442497 0.282865 2.969674 1.000000 -0.410337 0.075052 2.893940 1.000000 -0.402554 -0.001893 2.891916 1.000000 -0.043622 0.532906 3.056638 1.000000 -0.004394 0.286540 3.040030 1.000000 -0.020974 0.091643 2.966968 1.000000 -0.042424 -0.008747 2.946542 1.000000 -0.288756 0.141473 2.972171 1.000000 -0.345489 -0.380822 3.072348 1.000000 -0.372247 -0.761600 3.128272 1.000000 -0.409433 -0.831082 3.092785 1.000000 -0.136154 0.138064 2.993443 1.000000 -0.136867 -0.394019 3.094327 1.000000 -0.157984 -0.775713 3.175651 1.000000 -0.143071 -0.830642 3.094753 1.000000
6852946317 -0.213382 0.216583 2.989512 1.000000 -0.220607 0.284690 3.028946 1.000000 -0.217717 0.644983 3.013424 1.000000 -0.188808 0.832711 2.995813 1.000000 -0.383253 0.535178 2.998698 1.000000 -0.442243 0.280400 2.973446 1.000000 -0.421146 0.078981 2.923907 1.000000 -0.414945 0.003872 2.906386 1.000000 -0.043719 0.532967 3.056615 1.000000 -0.005648 0.282965 3.041361 1.000000 -0.018016 0.085258 2.978534 1.000000 -0.039806 -0.014955 2.957529 1.000000 -0.289033 0.141447 2.972291 1.000000 -0.345547 -0.380915 3.072192 1.000000 -0.372350 -0.761133 3.128315 1.000000 -0.410427 -0.831434 3.099599 1.000000 -0.136613 0.137979 2.993216 1.000000 -0.137050 -0.394798 3.094439 1.000000 -0.157790 -0.776113 3.175836 1.000000 -0.143637 -0.831592 3.095154 1.000000
6852979271 -0.213402 0.216643 2.989528 1.000000 -0.220595 0.284836 3.028727 1.000000 -0.217451 0.645181 3.012618 1.000000 -0.189761 0.834076 2.998059 1.000000 -0.383368 0.535202 2.998640 1.000000 -0.442414 0.279032 2.976911 1.000000 -0.422562 0.079018 2.927631 1.000000 -0.417168 0.004335 2.908098 1.000000 -0.043841 0.533109 3.056711 1.000000 -0.006558 0.281195 3.044361 1.000000 -0.013942 0.081136 2.990807 1.000000 -0.035848 -0.019051 2.969746 1.000000 -0.289053 0.141499 2.972228 1.000000 -0.345932 -0.380147 3.071871 1.000000 -0.371843 -0.760410 3.128638 1.000000 -0.407170 -0.828065 3.101397 1.000000 -0.136722 0.138060 2.993674 1.000000 -0.137101 -0.395008 3.094490 1.000000 -0.157634 -0.776257 3.175820 1.000000 -0.143341 -0.831645 3.095077 1.000000
6853023464 -0.213569 0.216603 2.989458 1.000000 -0.220699 0.284823 3.028432 1.000000 -0.217517 0.645135 3.012381 1.000000 -0.191000 0.833470 2.995197 1.000000 -0.383460 0.535089 2.998578 1.000000 -0.444403 0.278399 2.981849 1.000000 -0.425133 0.079056 2.928507 1.000000 -0.419297 -0.017716 2.908445 1.000000 -0.043972 0.533115 3.056548 1.000000 -0.007167 0.278852 3.047899 1.000000 -0.019623 0.007951 2.981770 1.000000 -0.041148 -0.061939 2.956537 1.000000 -0.289239 0.141464 2.972181 1.000000 -0.345934 -0.379666 3.071860 1.000000 -0.371653 -0.759353 3.127157 1.000000 -0.407372 -0.828152 3.102627 1.000000 -0.136880 0.138023 2.993625 1.000000 -0.136967 -0.394117 3.094323 1.000000 -0.155277 -0.772092 3.173157 1.000000 -0.142700 -0.825501 3.103243 1.000000
6853054946 -0.213746 0.216475 2.989504 1.000000 -0.220744 0.284773 3.028101 1.000000 -0.217876 0.644360 3.011174 1.000000 -0.191144 0.833222 2.995634 1.000000 -0.384062 0.534683 2.997877 1.000000 -0.446411 0.277201 2.984565 1.000000 -0.429785 0.077876 2.929768 1.000000 -0.420820 -0.018487 2.908707 1.000000 -0.044909 0.532753 3.054952 1.000000 -0.007039 0.277428 3.050431 1.000000 -0.007607 0.077230 2.996527 1.000000 -0.026778 -0.022723 2.971954 1.000000 -0.289415 0.141366 2.972308 1.000000 -0.345935 -0.379837 3.071505 1.000000 -0.370943 -0.757200 3.127925 1.000000 -0.406676 -0.826304 3.103592 1.000000 -0.137091 0.137829 2.993804 1.000000 -0.137135 -0.394672 3.094650 1.000000 -0.155345 -0.772238 3.172884 1.000000 -0.143958 -0.830022 3.093357 1.000000
6853097338 -0.213740 0.216462 2.989482 1.000000 -0.220660 0.284805 3.027634 1.000000 -0.217373 0.643377 3.010170 1.000000 -0.191333 0.832788 2.995963 1.000000 -0.384870 0.534486 2.997573 1.000000 -0.459088 0.284764 2.990996 1.000000 -0.437608 0.077256 2.928382 1.000000 -0.425879 -0.015089 2.908426 1.000000 -0.045112 0.532517 3.054891 1.000000 -0.005823 0.275679 3.050870 1.000000 -0.007284 0.075627 2.996087 1.000000 -0.025863 -0.024625 2.972144 1.000000 -0.289446 0.141277 2.972258 1.000000 -0.345944 -0.379900 3.071514 1.000000 -0.371918 -0.758915 3.127289 1.000000 -0.409311 -0.828141 3.103023 1.000000 -0.137063 0.137796 2.993832 1.000000 -0.136880 -0.394102 3.094491 1.000000 -0.155496 -0.772223 3.172814 1.000000 -0.149146 -0.825431 3.119380 1.000000
6853130114 -0.213736 0.216449 2.989493 1.000000 -0.220593 0.284843 3.027282 1.000000 -0.217286 0.643454 3.009979 1.000000 -0.192053 0.832314 2.993343 1.000000 -0.385106 0.534395 2.997572 1.000000 -0.460478 0.285131 2.991512 1.000000 -0.442717 0.073808 2.928049 1.000000 -0.427966 -0.015314 2.909138 1.000000 -0.045104 0.532493 3.054929 1.000000 -0.005215 0.275093 3.051091 1.000000 -0.005335 0.069572 2.985780 1.000000 -0.014411 -0.027252 2.962817 1.000000 -0.289446 0.141245 2.972245 1.000000 -0.345944 -0.380193 3.071378 1.000000 -0.371473 -0.758722 3.125823 1.000000 -0.404415 -0.828512 3.072580 1.000000 -0.137030 0.137592 2.994100 1.000000 -0.137236 -0.394576 3.094569 1.000000 -0.155828 -0.772589 3.172896 1.000000 -0.137042 -0.821465 3.088865 1.000000
6853163259 -0.213753 0.216401 2.989575 1.000000 -0.220559 0.284773 3.027037 1.000000 -0.217411 0.643054 3.010095 1.000000 -0.192276 0.831643 2.992343 1.000000 -0.385879 0.534241 2.997318 1.000000 -0.461862 0.286248 2.991232 1.000000 -0.447142 0.068634 2.925586 1.000000 -0.432633 -0.019142 2.910774 1.000000 -0.045278 0.532358 3.054719 1.000000 -0.004308 0.273482 3.049726 1.000000 -0.003412 0.067254 2.984329 1.000000 -0.010881 -0.032791 2.962024 1.000000 -0.289466 0.141164 2.972296 1.000000 -0.346034 -0.380246 3.071396 1.000000 -0.371543 -0.759053 3.125901 1.000000 -0.404729 -0.828439 3.072699 1.000000 -0.137008 0.137428 2.994305 1.000000 -0.137153 -0.394754 3.094762 1.000000 -0.155909 -0.772628 3.172840 1.000000 -0.138153 -0.824868 3.090587 1.000000
6853197152 -0.213893 0.216317 2.989601 1.000000 -0.220584 0.284758 3.026752 1.000000 -0.217510 0.643253 3.010039 1.000000 -0.192285 0.831842 2.992131 1.000000 -0.386193 0.534277 2.997174 1.000000 -0.463216 0.286555 2.991359 1.000000 -0.452411 0.061665 2.924723 1.000000 -0.437444 -0.028804 2.913096 1.000000 -0.045503 0.532007 3.054210 1.000000 -0.003388 0.270821 3.048991 1.000000 -0.002309 0.064509 2.983788 1.000000 -0.009779 -0.034725 2.958080 1.000000 -0.289729 0.140951 2.972305 1.000000 -0.345757 -0.380715 3.071651 1.000000 -0.371550 -0.759846 3.127566 1.000000 -0.405326 -0.827888 3.074526 1.000000 -0.137102 0.137344 2.994384 1.000000 -0.137328 -0.394137 3.094588 1.000000 -0.155954 -0.772517 3.173296 1.000000 -0.145591 -0.826346 3.106188 1.000000
6853240232 -0.214015 0.216339 2.989609 1.000000 -0.220637 0.284827 3.026441 1.000000 -0.217708 0.643444 3.009807 1.000000 -0.192297 0.832054 2.991860 1.000000 -0.386787 0.534373 2.997215 1.000000 -0.463755 0.286531 2.990665 1.000000 -0.457627 0.053013 2.922400 1.000000 -0.440840 -0.036649 2.915009 1.000000 -0.045595 0.531861 3.054080 1.000000 -0.003119 0.269522 3.047822 1.000000 -0.000357 0.056141 2.979648 1.000000 -0.009283 -0.043899 2.956656 1.000000 -0.289951 0.140899 2.972376 1.000000 -0.345754 -0.380783 3.071753 1.000000 -0.371644 -0.759819 3.127619 1.000000 -0.404866 -0.826429 3.110625 1.000000 -0.137141 0.137338 2.994395 1.000000 -0.137240 -0.392621 3.093993 1.000000 -0.156099 -0.772513 3.173443 1.000000 -0.147294 -0.825716 3.113339 1.000000
6853271431 -0.214394 0.216263 2.989548 1.000000 -0.220821 0.284840 3.026031 1.000000 -0.217763 0.643648 3.009370 1.000000 -0.192639 0.832204 2.990933 1.000000 -0.387353 0.534297 2.997471 1.000000 -0.464073 0.286510 2.989772 1.000000 -0.459235 0.048225 2.918642 1.000000 -0.443570 -0.038144 2.915680 1.000000 -0.045742 0.531767 3.053754 1.000000 -0.003474 0.268396 3.046958 1.000000 0.000024 0.047952 2.972631 1.000000 -0.010726 -0.050478 2.958134 1.000000 -0.290480 0.140780 2.972310 1.000000 -0.346003 -0.381711 3.072342 1.000000 -0.371874 -0.761403 3.130352 1.000000 -0.402831 -0.824282 3.108681 1.000000 -0.137606 0.137072 2.994468 1.000000 -0.137249 -0.393153 3.094121 1.000000 -0.156568 -0.772307 3.172671 1.000000 -0.146584 -0.831099 3.104226 1.000000
6853313282 -0.214535 0.215890 2.989679 1.000000 -0.220934 0.284442 3.025987 1.000000 -0.217718 0.643328 3.010096 1.000000 -0.191207 0.829036 2.983620 1.000000 -0.387187 0.533749 2.997007 1.000000 -0.464266 0.286489 2.988618 1.000000 -0.460630 0.047526 2.917712 1.000000 -0.444386 -0.039667 2.913964 1.000000 -0.045657 0.531255 3.053596 1.000000 -0.003621 0.267783 3.046927 1.000000 -0.000110 0.048195 2.972763 1.000000 -0.010463 -0.050719 2.957803 1.000000 -0.290584 0.140584 2.972312 1.000000 -0.346132 -0.381373 3.071846 1.000000 -0.370822 -0.761040 3.129403 1.000000 -0.401398 -0.823690 3.107118 1.000000 -0.137794 0.136484 2.994637 1.000000 -0.137094 -0.393291 3.094064 1.000000 -0.156656 -0.771942 3.172386 1.000000 -0.146828 -0.831515 3.101900 1.000000
6853346292 -0.214743 0.215951 2.989758 1.000000 -0.221105 0.284513 3.025787 1.000000 -0.218448 0.643169 3.009737 1.000000 -0.191940 0.830215 2.986902 1.000000 -0.387702 0.534084 2.997297 1.000000 -0.464277 0.286866 2.989272 1.000000 -0.461001 0.047399 2.916421 1.000000 -0.444722 -0.040234 2.912547 1.000000 -0.045636 0.531117 3.053519 1.000000 -0.003591 0.267114 3.046663 1.000000 -0.000110 0.049321 2.973695 1.000000 -0.009074 -0.045683 2.957456 1.000000 -0.290809 0.140584 2.972327 1.000000 -0.346516 -0.383537 3.072676 1.000000 -0.371181 -0.761453 3.130086 1.000000 -0.402360 -0.824695 3.110488 1.000000 -0.137892 0.136410 2.994881 1.000000 -0.137072 -0.394611 3.094585 1.000000 -0.156718 -0.772344 3.172321 1.000000 -0.145529 -0.832403 3.101450 1.000000
6853380289 -0.214837 0.215870 2.989608 1.000000 -0.221071 0.284456 3.025418 1.000000 -0.218095 0.643115 3.009515 1.000000 -0.192317 0.830213 2.986357 1.000000 -0.387821 0.534030 2.997433 1.000000 -0.464089 0.288191 2.989077 1.000000 -0.460476 0.048130 2.915726 1.000000 -0.444661 -0.032552 2.907149 1.000000 -0.045975 0.531083 3.053209 1.000000 -0.003699 0.266985 3.046791 1.000000 -0.000886 0.052130 2.977519 1.000000 -0.012349 -0.050767 2.961179 1.000000 -0.290899 0.140509 2.972290 1.000000 -0.346356 -0.383942 3.072986 1.000000 -0.371837 -0.761766 3.133192 1.000000 -0.402121 -0.824326 3.110316 1.000000 -0.138131 0.136394 2.994516 1.000000 -0.136855 -0.394299 3.094466 1.000000 -0.156883 -0.772391 3.172578 1.000000 -0.143648 -0.827611 3.110221 1.000000
6853413149 -0.214834 0.215780 2.989644 1.000000 -0.221014 0.284319 3.025315 1.000000 -0.218099 0.642834 3.009860 1.000000 -0.192020 0.829857 2.986434 1.000000 -0.388124 0.533925 2.997441 1.000000 -0.464470 0.288047 2.988986 1.000000 -0.457112 0.052559 2.912969 1.000000 -0.440781 -0.036118 2.903989 1.000000 -0.046278 0.530672 3.052887 1.000000 -0.003793 0.267115 3.046906 1.000000 -0.001233 0.052630 2.978524 1.000000 -0.013091 -0.050514 2.964009 1.000000 -0.290942 0.140307 2.972333 1.000000 -0.346302 -0.383727 3.072722 1.000000 -0.371836 -0.760930 3.133372 1.000000 -0.402458 -0.823750 3.109756 1.000000 -0.138077 0.136342 2.994521 1.000000 -0.136893 -0.393984 3.094525 1.000000 -0.156839 -0.772260 3.172379 1.000000 -0.145738 -0.826865 3.117379 1.000000
6853457199 -0.214886 0.215724 2.989663 1.000000 -0.221017 0.284284 3.025222 1.000000 -0.218023 0.643128 3.010169 1.000000 -0.192986 0.830117 2.986054 1.000000 -0.388229 0.533998 2.997565 1.000000 -0.464026 0.287883 2.989089 1.000000 -0.455142 0.052875 2.913127 1.000000 -0.434837 -0.038944 2.900184 1.000000 -0.046284 0.530644 3.052929 1.000000 -0.003937 0.266928 3.046890 1.000000 -0.001933 0.054075 2.981485 1.000000 -0.012740 -0.048955 2.965276 1.000000 -0.291033 0.140185 2.972308 1.000000 -0.346325 -0.383735 3.072697 1.000000 -0.371176 -0.760787 3.133039 1.000000 -0.405709 -0.825060 3.116311 1.000000 -0.138127 0.136283 2.994544 1.000000 -0.137022 -0.394711 3.094369 1.000000 -0.156709 -0.772306 3.172201 1.000000 -0.145709 -0.828533 3.114092 1.000000
6853488456 -0.215006 0.215684 2.989637 1.000000 -0.221072 0.284267 3.025086 1.000000 -0.218088 0.643190 3.010128 1.000000 -0.192779 0.829397 2.983744 1.000000 -0.388423 0.534058 2.997914 1.000000 -0.462982 0.286980 2.988922 1.000000 -0.450447 0.061549 2.912541 1.000000 -0.433501 -0.027868 2.895319 1.000000 -0.046393 0.530626 3.052895 1.000000 -0.004025 0.266903 3.047177 1.000000 -0.002379 0.055777 2.982857 1.000000 -0.012448 -0.047197 2.965701 1.000000 -0.291164 0.140162 2.972303 1.000000 -0.346334 -0.383429 3.072623 1.000000 -0.369699 -0.758295 3.124618 1.000000 -0.405901 -0.825502 3.115958 1.000000 -0.138219 0.136237 2.994511 1.000000 -0.136791 -0.394102 3.094465 1.000000 -0.156964 -0.772138 3.172519 1.000000 -0.145679 -0.828481 3.114127 1.000000
6853529968 -0.215070 0.215660 2.989655 1.000000 -0.221156 0.284215 3.024981 1.000000 -0.218248 0.642749 3.010044 1.000000 -0.193940 0.829527 2.984721 1.000000 -0.388783 0.533653 2.997389 1.000000 -0.461441 0.285054 2.988735 1.000000 -0.446028 0.065277 2.914324 1.000000 -0.432348 -0.026341 2.894276 1.000000 -0.046634 0.530808 3.052668 1.000000 -0.004280 0.267057 3.047494 1.000000 -0.003466 0.056617 2.984840 1.000000 -0.013189 -0.046430 2.967758 1.000000 -0.291264 0.140066 2.972360 1.000000 -0.346297 -0.383417 3.072658 1.000000 -0.368923 -0.760123 3.125468 1.000000 -0.423165 -0.838668 3.099394 1.000000 -0.138247 0.136249 2.994519 1.000000 -0.136876 -0.393894 3.094201 1.000000 -0.156935 -0.772147 3.172552 1.000000 -0.146727 -0.828227 3.118507 1.000000
6853564353 -0.215214 0.215661 2.989650 1.000000 -0.221275 0.284216 3.024866 1.000000 -0.218284 0.642744 3.010021 1.000000 -0.193924 0.829964 2.985811 1.000000 -0.388877 0.534187 2.997618 1.000000 -0.460122 0.283851 2.988233 1.000000 -0.442712 0.068838 2.917454 1.000000 -0.430951 -0.022450 2.894263 1.000000 -0.046626 0.530647 3.052946 1.000000 -0.004818 0.267256 3.048164 1.000000 -0.003848 0.057251 2.985248 1.000000 -0.014096 -0.039718 2.972833 1.000000 -0.291450 0.140035 2.972265 1.000000 -0.346207 -0.383984 3.072562 1.000000 -0.368093 -0.761678 3.128336 1.000000 -0.420648 -0.836587 3.090643 1.000000 -0.138395 0.136216 2.994607 1.000000 -0.136884 -0.393909 3.094178 1.000000 -0.157506 -0.771033 3.172724 1.000000 -0.146616 -0.828048 3.113888 1.000000
6853597268 -0.215412 0.215763 2.989765 1.000000 -0.221607 0.284323 3.024888 1.000000 -0.219310 0.643080 3.010197 1.000000 -0.192449 0.827655 2.979562 1.000000 -0.388888 0.534264 2.997615 1.000000 -0.458384 0.282607 2.986881 1.000000 -0.438736 0.067419 2.914364 1.000000 -0.427153 -0.019769 2.893041 1.000000 -0.046812 0.530768 3.053514 1.000000 -0.004884 0.267167 3.048186 1.000000 -0.003965 0.057197 2.985185 1.000000 -0.013622 -0.043156 2.970422 1.000000 -0.291540 0.140144 2.972274 1.000000 -0.346484 -0.382754 3.072111 1.000000 -0.366254 -0.756270 3.126432 1.000000 -0.406171 -0.821713 3.109340 1.000000 -0.138542 0.136287 2.994867 1.000000 -0.136867 -0.393749 3.093685 1.000000 -0.158759 -0.772012 3.174682 1.000000 -0.138220 -0.831477 3.099885 1.000000
6853630142 -0.215567 0.215454 2.989899 1.000000 -0.221810 0.283768 3.024964 1.000000 -0.219723 0.640721 3.010421 1.000000 -0.192224 0.825330 2.979965 1.000000 -0.389016 0.534164 2.997484 1.000000 -0.457735 0.283043 2.986213 1.000000 -0.435499 0.075803 2.906415 1.000000 -0.425657 -0.017421 2.892391 1.000000 -0.046971 0.530544 3.053416 1.000000 -0.004872 0.267148 3.048136 1.000000 -0.004020 0.057063 2.984961 1.000000 -0.013354 -0.044000 2.970419 1.000000 -0.291704 0.139802 2.972568 1.000000 -0.346620 -0.383382 3.072297 1.000000 -0.368138 -0.758540 3.129335 1.000000 -0.412360 -0.827518 3.099218 1.000000 -0.138624 0.136066 2.994874 1.000000 -0.136823 -0.394341 3.093412 1.000000 -0.158831 -0.772588 3.174025 1.000000 -0.141001 -0.832858 3.100756 1.000000
6853674355 -0.215610 0.215533 2.990032 1.000000 -0.221927 0.283791 3.025173 1.000000 -0.219921 0.641138 3.011399 1.000000 -0.194052 0.830543 2.993968 1.000000 -0.389138 0.534296 2.997835 1.000000 -0.459126 0.289635 2.983973 1.000000 -0.432670 0.080680 2.897072 1.000000 -0.416044 0.006459 2.881876 1.000000 -0.046885 0.530573 3.054298 1.000000 -0.004744 0.266952 3.047838 1.000000 -0.002435 0.054831 2.966538 1.000000 -0.012683 -0.047113 2.957140 1.000000 -0.291753 0.139844 2.972600 1.000000 -0.346606 -0.383641 3.072256 1.000000 -0.368745 -0.759252 3.127006 1.000000 -0.412112 -0.829358 3.104519 1.000000 -0.138593 0.136100 2.994970 1.000000 -0.136683 -0.394782 3.093395 1.000000 -0.158652 -0.773556 3.173685 1.000000 -0.141451 -0.833548 3.100303 1.000000
6853706717 -0.215729 0.215634 2.989997 1.000000 -0.222216 0.283890 3.025143 1.000000 -0.221564 0.641492 3.011363 1.000000 -0.193798 0.829410 2.989969 1.000000 -0.389259 0.534874 2.998271 1.000000 -0.466821 0.312109 2.980046 1.000000 -0.428135 0.101958 2.865509 1.000000 -0.405709 0.030872 2.844136 1.000000 -0.047122 0.530415 3.055007 1.000000 -0.004274 0.267101 3.047495 1.000000 -0.000242 0.057809 2.956641 1.000000 -0.011212 -0.042203 2.938810 1.000000 -0.291843 0.140054 2.972485 1.000000 -0.346678 -0.382848 3.072441 1.000000 -0.367406 -0.757769 3.125112 1.000000 -0.408229 -0.825291 3.108406 1.000000 -0.138588 0.136117 2.994967 1.000000 -0.136890 -0.394798 3.093518 1.000000 -0.158689 -0.773193 3.173502 1.000000 -0.141999 -0.833916 3.103631 1.000000
6853738077 -0.215853 0.215547 2.990087 1.000000 -0.222373 0.283757 3.025274 1.000000 -0.221822 0.641294 3.011514 1.000000 -0.194093 0.830185 2.992968 1.000000 -0.389188 0.535106 2.998541 1.000000 -0.475067 0.318944 2.977397 1.000000 -0.420113 0.113354 2.825361 1.000000 -0.394776 0.040100 2.826822 1.000000 -0.047243 0.530354 3.055067 1.000000 -0.000315 0.270127 3.046612 1.000000 -0.000121 0.075969 2.930072 1.000000 -0.010623 -0.016267 2.881249 1.000000 -0.291903 0.140015 2.972517 1.000000 -0.346692 -0.382806 3.072294 1.000000 -0.368226 -0.758369 3.125657 1.000000 -0.407704 -0.826191 3.105820 1.000000 -0.138647 0.136081 2.995060 1.000000 -0.137503 -0.395997 3.093471 1.000000 -0.159080 -0.774043 3.173246 1.000000 -0.142986 -0.834471 3.104202 1.000000
6853769699 -0.215992 0.215710 2.990386 1.000000 -0.222689 0.283601 3.026350 1.000000 -0.221931 0.642469 3.016347 1.000000 -0.193710 0.832185 3.000574 1.000000 -0.389238 0.535380 2.999072 1.000000 -0.478830 0.328140 2.968870 1.000000 -0.419189 0.150879 2.777039 1.000000 -0.386584 0.084193 2.754839 1.000000 -0.047303 0.530275 3.056030 1.000000 0.007607 0.294736 3.040972 1.000000 0.001157 0.091472 2.912086 1.000000 -0.012146 0.027267 2.857117 1.000000 -0.292014 0.140212 2.972493 1.000000 -0.346724 -0.382395 3.071393 1.000000 -0.367762 -0.758446 3.127306 1.000000 -0.406564 -0.825595 3.105046 1.000000 -0.138712 0.136132 2.995239 1.000000 -0.137957 -0.396170 3.093645 1.000000 -0.159168 -0.774036 3.173377 1.000000 -0.143489 -0.833900 3.103831 1.000000
6853813168 -0.216262 0.215691 2.990906 1.000000 -0.223231 0.283555 3.027318 1.000000 -0.222087 0.642528 3.016802 1.000000 -0.193256 0.832829 3.003186 1.000000 -0.389260 0.535315 2.999198 1.000000 -0.479078 0.343609 2.960578 1.000000 -0.440674 0.223755 2.757507 1.000000 -0.398682 0.161865 2.695007 1.000000 -0.047653 0.530471 3.058016 1.000000 0.015856 0.314445 3.028494 1.000000 0.012115 0.147095 2.843445 1.000000 -0.014198 0.055756 2.806335 1.000000 -0.292251 0.140285 2.972992 1.000000 -0.346650 -0.382201 3.071801 1.000000 -0.367241 -0.758302 3.129853 1.000000 -0.402293 -0.822194 3.103812 1.000000 -0.138899 0.136126 2.995550 1.000000 -0.137471 -0.396040 3.094040 1.000000 -0.158770 -0.773680 3.174768 1.000000 -0.144714 -0.832062 3.104134 1.000000
6853846118 -0.216540 0.215880 2.992146 1.000000 -0.223660 0.283687 3.029220 1.000000 -0.222335 0.643156 3.018915 1.000000 -0.193801 0.834682 3.009429 1.000000 -0.389252 0.535430 2.999567 1.000000 -0.485561 0.356655 2.946072 1.000000 -0.454811 0.284606 2.743090 1.000000 -0.404053 0.230713 2.648132 1.000000 -0.046941 0.530215 3.058928 1.000000 0.017202 0.320581 3.025829 1.000000 0.038271 0.213163 2.838985 1.000000 -0.000494 0.137329 2.741882 1.000000 -0.292579 0.140333 2.973840 1.000000 -0.346637 -0.382341 3.071915 1.000000 -0.369612 -0.762586 3.132761 1.000000 -0.404902 -0.826724 3.094588 1.000000 -0.138968 0.136153 2.996564 1.000000 -0.137398 -0.396600 3.094399 1.000000 -0.158631 -0.773237 3.174438 1.000000 -0.146313 -0.833318 3.100523 1.000000
6853890326 -0.216589 0.215631 2.993438 1.000000 -0.223999 0.283512 3.030993 1.000000 -0.223265 0.644027 3.020517 1.000000 -0.193863 0.831375 2.997452 1.000000 -0.388606 0.535467 3.000897 1.000000 -0.507922 0.365385 2.904754 1.000000 -0.435806 0.326589 2.681843 1.000000 -0.410925 0.313204 2.609688 1.000000 -0.047823 0.531298 3.060884 1.000000 0.018153 0.338111 3.018211 1.000000 0.049549 0.287120 2.808649 1.000000 0.033944 0.247490 2.712853 1.000000 -0.292237 0.140448 2.974960 1.000000 -0.346772 -0.381625 3.072412 1.000000 -0.369291 -0.759749 3.130636 1.000000 -0.401064 -0.822823 3.094889 1.000000 -0.139107 0.136120 2.997959 1.000000 -0.137599 -0.397602 3.094232 1.000000 -0.157906 -0.775048 3.173880 1.000000 -0.141760 -0.830356 3.093345 1.000000
6853921517 -0.216599 0.214910 2.994882 1.000000 -0.224110 0.282173 3.034187 1.000000 -0.223314 0.644424 3.028517 1.000000 -0.196309 0.832049 3.005080 1.000000 -0.386976 0.536121 3.002244 1.000000 -0.512698 0.375663 2.865154 1.000000 -0.431559 0.402054 2.643695 1.000000 -0.403558 0.411161 2.572024 1.000000 -0.048449 0.531348 3.060788 1.000000 0.020560 0.339729 3.013316 1.000000 0.052409 0.289298 2.803735 1.000000 0.016205 0.334473 2.685241 1.000000 -0.291974 0.140362 2.975626 1.000000 -0.346516 -0.382489 3.072874 1.000000 -0.370174 -0.761051 3.130639 1.000000 -0.408526 -0.830496 3.081533 1.000000 -0.139353 0.136018 2.998826 1.000000 -0.137180 -0.395963 3.093675 1.000000 -0.158326 -0.774235 3.173845 1.000000 -0.141940 -0.828399 3.104405 1.000000
6853964286 -0.216757 0.211490 2.996549 1.000000 -0.224684 0.279140 3.037564 1.000000 -0.224412 0.644777 3.033693 1.000000 -0.196550 0.830890 3.006258 1.000000 -0.382423 0.534120 3.002607 1.000000 -0.487061 0.393799 2.820108 1.000000 -0.408694 0.477711 2.613432 1.000000 -0.381647 0.506672 2.546858 1.000000 -0.057306 0.531719 3.059644 1.000000 0.056793 0.332764 2.882608 1.000000 0.003357 0.402832 2.653991 1.000000 -0.014455 0.426188 2.582376 1.000000 -0.290705 0.139163 2.976738 1.000000 -0.346613 -0.383597 3.072999 1.000000 -0.370708 -0.760138 3.130352 1.000000 -0.381748 -0.823499 3.095374 1.000000 -0.140357 0.135638 2.999498 1.000000 -0.135827 -0.392588 3.093026 1.000000 -0.160710 -0.770796 3.170594 1.000000 -0.157377 -0.835354 3.136226 1.000000
6853997344 -0.217503 0.211738 2.997276 1.000000 -0.225236 0.279198 3.039912 1.000000 -0.225361 0.645918 3.036328 1.000000 -0.195920 0.831269 3.007992 1.000000 -0.378917 0.545666 3.009161 1.000000 -0.469940 0.427877 2.841615 1.000000 -0.392334 0.549316 2.599303 1.000000 -0.353270 0.600810 2.556687 1.000000 -0.060007 0.533757 3.059745 1.000000 0.056124 0.366242 2.857610 1.000000 -0.002829 0.461964 2.672769 1.000000 0.013565 0.495117 2.646178 1.000000 -0.290806 0.140622 2.977582 1.000000 -0.346839 -0.379723 3.072095 1.000000 -0.369055 -0.752067 3.120650 1.000000 -0.395747 -0.816645 3.098821 1.000000 -0.142710 0.136654 3.000461 1.000000 -0.136077 -0.392758 3.093041 1.000000 -0.162030 -0.772416 3.173491 1.000000 -0.135518 -0.824447 3.093493 1.000000
6854030571 -0.217566 0.211706 2.997434 1.000000 -0.225073 0.278863 3.041400 1.000000 -0.224544 0.646040 3.038484 1.000000 -0.194694 0.835922 3.024626 1.000000 -0.376111 0.548132 3.009185 1.000000 -0.465843 0.451774 2.825430 1.000000 -0.386230 0.593262 2.626646 1.000000 -0.357413 0.646027 2.577940 1.000000 -0.060369 0.534270 3.056109 1.000000 0.053769 0.401231 2.837997 1.000000 0.010035 0.527775 2.669398 1.000000 0.004971 0.566895 2.636411 1.000000 -0.290558 0.141181 2.978034 1.000000 -0.346834 -0.379777 3.072082 1.000000 -0.371163 -0.755069 3.124567 1.000000 -0.399024 -0.819549 3.103961 1.000000 -0.143203 0.136887 3.000367 1.000000 -0.136081 -0.392761 3.093042 1.000000 -0.161676 -0.772461 3.173502 1.000000 -0.135826 -0.827636 3.095796 1.000000
6854064491 -0.217635 0.211696 2.997474 1.000000 -0.225009 0.278591 3.042574 1.000000 -0.224118 0.646754 3.040561 1.000000 -0.194659 0.836395 3.026185 1.000000 -0.374266 0.548862 3.009588 1.000000 -0.465759 0.466657 2.818954 1.000000 -0.380464 0.625800 2.639824 1.000000 -0.355278 0.692891 2.610799 1.000000 -0.062197 0.536619 3.054001 1.000000 0.059534 0.443184 2.816780 1.000000 -0.003477 0.585449 2.655941 1.000000 -0.009957 0.657092 2.627599 1.000000 -0.290557 0.141662 2.977950 1.000000 -0.346759 -0.379912 3.071929 1.000000 -0.372206 -0.758204 3.126219 1.000000 -0.408401 -0.823721 3.091482 1.000000 -0.143659 0.137465 3.000342 1.000000 -0.135977 -0.393353 3.093554 1.000000 -0.161670 -0.772481 3.173502 1.000000 -0.138610 -0.828691 3.095277 1.000000
6854107382 -0.217682 0.212938 2.998229 1.000000 -0.224461 0.279695 3.044636 1.000000 -0.222457 0.648345 3.043097 1.000000 -0.195406 0.837565 3.026515 1.000000 -0.370860 0.550641 3.010588 1.000000 -0.447754 0.532227 2.781039 1.000000 -0.364655 0.671481 2.642396 1.000000 -0.333008 0.742676 2.624689 1.000000 -0.064265 0.547120 3.051793 1.000000 0.065398 0.464411 2.828819 1.000000 -0.010323 0.636719 2.681330 1.000000 -0.031172 0.701928 2.645464 1.000000 -0.290463 0.144146 2.978348 1.000000 -0.346739 -0.376628 3.071373 1.000000 -0.372468 -0.758265 3.126672 1.000000 -0.422800 -0.832921 3.085335 1.000000 -0.144275 0.141659 3.001721 1.000000 -0.135817 -0.392702 3.092991 1.000000 -0.161066 -0.772308 3.174881 1.000000 -0.141686 -0.825854 3.101358 1.000000
6854139066 -0.217257 0.214525 2.998206 1.000000 -0.224170 0.281239 3.045633 1.000000 -0.220269 0.651048 3.044523 1.000000 -0.193333 0.840088 3.027220 1.000000 -0.373008 0.551924 3.008497 1.000000 -0.448658 0.538372 2.783929 1.000000 -0.333740 0.723145 2.640313 1.000000 -0.300840 0.792410 2.649496 1.000000 -0.063450 0.548794 3.052255 1.000000 0.062683 0.526367 2.812287 1.000000 -0.043274 0.706543 2.659844 1.000000 -0.078412 0.766427 2.626027 1.000000 -0.290530 0.144796 2.977981 1.000000 -0.346703 -0.376346 3.070714 1.000000 -0.371925 -0.758327 3.126212 1.000000 -0.410749 -0.832309 3.088070 1.000000 -0.143450 0.143238 3.001344 1.000000 -0.135906 -0.392258 3.092819 1.000000 -0.161393 -0.772617 3.175426 1.000000 -0.145352 -0.825364 3.109697 1.000000
6854170767 -0.217191 0.214650 2.998199 1.000000 -0.224001 0.281593 3.046506 1.000000 -0.224682 0.661246 3.047266 1.000000 -0.190583 0.847974 3.026313 1.000000 -0.372157 0.551471 3.008035 1.000000 -0.456089 0.558409 2.787164 1.000000 -0.327766 0.730225 2.644738 1.000000 -0.291103 0.798137 2.647227 1.000000 -0.062656 0.552419 3.050256 1.000000 0.059581 0.540470 2.817711 1.000000 -0.064136 0.728769 2.650486 1.000000 -0.077637 0.789992 2.605407 1.000000 -0.290150 0.145017 2.977794 1.000000 -0.346889 -0.376412 3.070492 1.000000 -0.373374 -0.759853 3.128225 1.000000 -0.416340 -0.835838 3.090103 1.000000 -0.143207 0.143789 3.001199 1.000000 -0.135913 -0.392185 3.092835 1.000000 -0.159878 -0.771718 3.173729 1.000000 -0.146873 -0.823348 3.113760 1.000000
6854214711 -0.217386 0.216939 2.997328 1.000000 -0.224518 0.285312 3.046290 1.000000 -0.225996 0.669887 3.045223 1.000000 -0.188113 0.856447 3.026302 1.000000 -0.377516 0.555110 3.007057 1.000000 -0.462851 0.582206 2.781405 1.000000 -0.331677 0.732944 2.647859 1.000000 -0.284988 0.794380 2.646329 1.000000 -0.063773 0.556251 3.049702 1.000000 0.063496 0.573978 2.829646 1.000000 -0.062621 0.735962 2.662832 1.000000 -0.092489 0.784475 2.610764 1.000000 -0.290337 0.146459 2.976784 1.000000 -0.346628 -0.377524 3.070078 1.000000 -0.372781 -0.760251 3.126981 1.000000 -0.415934 -0.834911 3.102562 1.000000 -0.142950 0.145549 3.000252 1.000000 -0.135895 -0.392744 3.092876 1.000000 -0.159847 -0.772106 3.173537 1.000000 -0.147651 -0.828879 3.102735 1.000000
6854247974 -0.217460 0.217656 2.996765 1.000000 -0.224080 0.286804 3.046190 1.000000 -0.224610 0.673504 3.041823 1.000000 -0.188985 0.861797 3.026993 1.000000 -0.378069 0.555591 3.007086 1.000000 -0.465399 0.586538 2.784657 1.000000 -0.343142 0.742397 2.658679 1.000000 -0.287749 0.798486 2.651182 1.000000 -0.050361 0.527570 3.043879 1.000000 0.069273 0.589938 2.833226 1.000000 -0.050126 0.738629 2.684126 1.000000 -0.092012 0.776110 2.631268 1.000000 -0.291450 0.147159 2.975799 1.000000 -0.346454 -0.378565 3.069744 1.000000 -0.371957 -0.759921 3.127213 1.000000 -0.415212 -0.834451 3.102930 1.000000 -0.142264 0.145002 2.999737 1.000000 -0.135843 -0.393095 3.092520 1.000000 -0.159875 -0.773024 3.174126 1.000000 -0.146544 -0.830035 3.097953 1.000000
6854280989 -0.217952 0.218301 2.996347 1.000000 -0.225112 0.287546 3.046333 1.000000 -0.224561 0.674399 3.041905 1.000000 -0.188753 0.864078 3.032010 1.000000 -0.379279 0.555192 3.006461 1.000000 -0.480344 0.603002 2.795888 1.000000 -0.318732 0.785418 2.659838 1.000000 -0.259021 0.832390 2.646527 1.000000 -0.051254 0.526744 3.047082 1.000000 0.074901 0.607815 2.845333 1.000000 -0.034395 0.743708 2.704841 1.000000 -0.085384 0.781671 2.652032 1.000000 -0.293793 0.148029 2.973713 1.000000 -0.346307 -0.379479 3.069174 1.000000 -0.372931 -0.762004 3.128443 1.000000 -0.407993 -0.831754 3.101532 1.000000 -0.142172 0.144903 2.999701 1.000000 -0.135845 -0.393411 3.092418 1.000000 -0.160137 -0.773852 3.174058 1.000000 -0.146799 -0.829365 3.099792 1.000000
6854324686 -0.217794 0.220956 2.995343 1.000000 -0.225515 0.289183 3.045952 1.000000 -0.221633 0.672394 3.040993 1.000000 -0.191627 0.864913 3.038460 1.000000 -0.377636 0.553976 3.005823 1.000000 -0.495061 0.616721 2.798873 1.000000 -0.384766 0.775391 2.667657 1.000000 -0.309932 0.838731 2.655313 1.000000 -0.051393 0.536380 3.053275 1.000000 0.085427 0.621002 2.855201 1.000000 -0.013258 0.753077 2.720309 1.000000 -0.083429 0.801083 2.659759 1.000000 -0.293244 0.152145 2.974181 1.000000 -0.346156 -0.379775 3.068859 1.000000 -0.370210 -0.761056 3.130008 1.000000 -0.403190 -0.824941 3.099010 1.000000 -0.142628 0.147209 2.996866 1.000000 -0.135588 -0.393864 3.092071 1.000000 -0.159919 -0.773990 3.174370 1.000000 -0.146356 -0.828624 3.099740 1.000000
6854357639 -0.217059 0.223300 2.994779 1.000000 -0.224957 0.290155 3.046024 1.000000 -0.218344 0.666990 3.041510 1.000000 -0.192653 0.860444 3.040246 1.000000 -0.376305 0.556481 3.006174 1.000000 -0.502238 0.624309 2.799649 1.000000 -0.400210 0.799581 2.672122 1.000000 -0.354004 0.870605 2.665704 1.000000 -0.048402 0.538333 3.054599 1.000000 0.105579 0.624720 2.882766 1.000000 0.051673 0.761838 2.727083 1.000000 -0.020472 0.812869 2.671552 1.000000 -0.292763 0.153680 2.974470 1.000000 -0.345838 -0.379036 3.068133 1.000000 -0.370043 -0.760170 3.129194 1.000000 -0.402827 -0.824146 3.098511 1.000000 -0.141820 0.148770 2.994736 1.000000 -0.135439 -0.393366 3.091480 1.000000 -0.159511 -0.774136 3.174699 1.000000 -0.146739 -0.823621 3.108280 1.000000
6854389104 -0.217013 0.223836 2.994713 1.000000 -0.224904 0.290318 3.046354 1.000000 -0.217252 0.664843 3.041717 1.000000 -0.189374 0.857797 3.039405 1.000000 -0.376051 0.557548 3.005397 1.000000 -0.520084 0.626697 2.811849 1.000000 -0.450195 0.809570 2.689142 1.000000 -0.393308 0.875846 2.670945 1.000000 -0.046030 0.537843 3.054068 1.000000 0.110721 0.627968 2.884806 1.000000 0.049042 0.785645 2.739923 1.000000 -0.000239 0.842773 2.704767 1.000000 -0.292786 0.154074 2.974532 1.000000 -0.345741 -0.378641 3.067666 1.000000 -0.369123 -0.759252 3.128429 1.000000 -0.402687 -0.823382 3.099203 1.000000 -0.141785 0.148670 2.994470 1.000000 -0.135187 -0.393929 3.091459 1.000000 -0.159190 -0.773626 3.174579 1.000000 -0.148158 -0.826501 3.104141 1.000000
6854420471 -0.216981 0.223992 2.994650 1.000000 -0.224913 0.290247 3.046650 1.000000 -0.217043 0.662394 3.041881 1.000000 -0.187050 0.853565 3.033345 1.000000 -0.376149 0.557724 3.005258 1.000000 -0.532422 0.623363 2.813063 1.000000 -0.465820 0.863770 2.683283 1.000000 -0.427120 0.930285 2.678446 1.000000 -0.044853 0.537880 3.054085 1.000000 0.136020 0.624060 2.903219 1.000000 0.089847 0.779486 2.764755 1.000000 0.031213 0.848498 2.712965 1.000000 -0.292771 0.154034 2.974458 1.000000 -0.345763 -0.378125 3.067894 1.000000 -0.370232 -0.759329 3.128176 1.000000 -0.402674 -0.822625 3.099767 1.000000 -0.141713 0.148593 2.994335 1.000000 -0.135315 -0.393168 3.090895 1.000000 -0.159254 -0.773548 3.174776 1.000000 -0.151237 -0.823013 3.116968 1.000000
6854463415 -0.216886 0.224032 2.994448 1.000000 -0.224799 0.290187 3.046736 1.000000 -0.216941 0.661126 3.041327 1.000000 -0.186011 0.851667 3.030831 1.000000 -0.376802 0.557780 3.004415 1.000000 -0.552705 0.619392 2.812567 1.000000 -0.534563 0.797325 2.699570 1.000000 -0.505371 0.882813 2.687191 1.000000 -0.043956 0.538835 3.053434 1.000000 0.143745 0.604235 2.923308 1.000000 0.120722 0.774645 2.786980 1.000000 0.082908 0.858726 2.738099 1.000000 -0.292674 0.153788 2.974425 1.000000 -0.345650 -0.377576 3.067056 1.000000 -0.370926 -0.759320 3.129703 1.000000 -0.401868 -0.822041 3.099109 1.000000 -0.141369 0.148174 2.993344 1.000000 -0.135668 -0.394334 3.090958 1.000000 -0.159276 -0.773394 3.174544 1.000000 -0.149060 -0.827632 3.103225 1.000000
6854497503 -0.217007 0.224967 2.993932 1.000000 -0.224700 0.291099 3.046373 1.000000 -0.216071 0.657681 3.036209 1.000000 -0.185659 0.850301 3.033639 1.000000 -0.377549 0.558138 3.004284 1.000000 -0.569752 0.602535 2.820711 1.000000 -0.572521 0.786833 2.699420 1.000000 -0.562500 0.863770 2.687191 1.000000 -0.042162 0.539996 3.053183 1.000000 0.152764 0.597190 2.934547 1.000000 0.152985 0.780965 2.798228 1.000000 0.121481 0.866427 2.747287 1.000000 -0.292888 0.153984 2.974217 1.000000 -0.345460 -0.376703 3.066901 1.000000 -0.370792 -0.759214 3.129195 1.000000 -0.401481 -0.821301 3.098891 1.000000 -0.141371 0.148173 2.993271 1.000000 -0.135662 -0.393827 3.090550 1.000000 -0.159218 -0.773356 3.174586 1.000000 -0.149154 -0.826480 3.104779 1.000000
6854538424 -0.216917 0.225583 2.993844 1.000000 -0.224681 0.291523 3.046386 1.000000 -0.215761 0.656805 3.034868 1.000000 -0.182652 0.844963 3.017150 1.000000 -0.378253 0.558271 3.003612 1.000000 -0.587780 0.568082 2.851169 1.000000 -0.627930 0.759766 2.704770 1.000000 -0.629395 0.835938 2.681333 1.000000 -0.039089 0.542178 3.054001 1.000000 0.168300 0.582824 2.949116 1.000000 0.209717 0.796875 2.804379 1.000000 0.209554 0.870333 2.780977 1.000000 -0.292931 0.153990 2.974220 1.000000 -0.345545 -0.376776 3.066852 1.000000 -0.370441 -0.757052 3.128676 1.000000 -0.395998 -0.816898 3.095121 1.000000 -0.141232 0.148184 2.993283 1.000000 -0.135755 -0.394708 3.090387 1.000000 -0.159158 -0.773771 3.174679 1.000000 -0.148353 -0.829361 3.095510 1.000000
6854580175 -0.216749 0.226361 2.993434 1.000000 -0.224364 0.292158 3.046021 1.000000 -0.215636 0.655566 3.032593 1.000000 -0.182668 0.844112 3.015964 1.000000 -0.379327 0.558620 3.003279 1.000000 -0.576172 0.530273 2.890419 1.000000 -0.676270 0.682129 2.739927 1.000000 -0.690284 0.753473 2.714446 1.000000 -0.037028 0.542447 3.053214 1.000000 0.199315 0.568216 2.948221 1.000000 0.263387 0.731297 2.828977 1.000000 0.272949 0.812012 2.806333 1.000000 -0.293043 0.154027 2.974084 1.000000 -0.345422 -0.376720 3.066801 1.000000 -0.370890 -0.758867 3.127441 1.000000 -0.397565 -0.820154 3.095267 1.000000 -0.140782 0.148135 2.993089 1.000000 -0.135802 -0.394691 3.089893 1.000000 -0.159638 -0.773867 3.175692 1.000000 -0.146576 -0.824206 3.107556 1.000000
6854614471 -0.216749 0.226428 2.993371 1.000000 -0.224261 0.292353 3.045955 1.000000 -0.215930 0.653512 3.030143 1.000000 -0.182864 0.842928 3.016392 1.000000 -0.381408 0.557891 3.002891 1.000000 -0.581266 0.517135 2.895782 1.000000 -0.717604 0.669865 2.736293 1.000000 -0.758105 0.722044 2.696648 1.000000 -0.035440 0.541011 3.052593 1.000000 0.213313 0.561031 2.949214 1.000000 0.314891 0.703303 2.829305 1.000000 0.333361 0.776661 2.814737 1.000000 -0.293463 0.153521 2.974036 1.000000 -0.345426 -0.377305 3.066916 1.000000 -0.371342 -0.759938 3.128324 1.000000 -0.409118 -0.831720 3.073966 1.000000 -0.140311 0.147640 2.993074 1.000000 -0.135528 -0.394357 3.089642 1.000000 -0.159020 -0.773663 3.176528 1.000000 -0.151154 -0.822388 3.120931 1.000000
6854647386 -0.216727 0.226416 2.993285 1.000000 -0.224124 0.292805 3.045092 1.000000 -0.214275 0.652502 3.025279 1.000000 -0.183715 0.843218 3.014500 1.000000 -0.382728 0.557346 3.002644 1.000000 -0.597511 0.495474 2.906602 1.000000 -0.758789 0.615234 2.739927 1.000000 -0.801764 0.667418 2.703091 1.000000 -0.034749 0.538891 3.053361 1.000000 0.183472 0.491455 2.995888 1.000000 0.349854 0.647461 2.870786 1.000000 0.383835 0.712997 2.848941 1.000000 -0.293807 0.153088 2.974179 1.000000 -0.345412 -0.377504 3.066850 1.000000 -0.372117 -0.762337 3.128853 1.000000 -0.409533 -0.832287 3.071964 1.000000 -0.139994 0.146836 2.993064 1.000000 -0.135739 -0.395110 3.090130 1.000000 -0.158428 -0.774404 3.176110 1.000000 -0.146140 -0.832848 3.097053 1.000000
6854680558 -0.216680 0.226379 2.993231 1.000000 -0.224004 0.292872 3.044344 1.000000 -0.214268 0.652314 3.023916 1.000000 -0.185570 0.844312 3.016783 1.000000 -0.382952 0.556707 3.002249 1.000000 -0.591095 0.461769 2.927051 1.000000 -0.754150 0.525513 2.782896 1.000000 -0.812988 0.576660 2.716490 1.000000 -0.034283 0.536802 3.053529 1.000000 0.184872 0.460443 3.008693 1.000000 0.380371 0.568115 2.888365 1.000000 0.427089 0.627550 2.873830 1.000000 -0.293880 0.152841 2.974079 1.000000 -0.345240 -0.378005 3.066953 1.000000 -0.372609 -0.762612 3.126812 1.000000 -0.403331 -0.829325 3.081471 1.000000 -0.139534 0.146065 2.993551 1.000000 -0.135621 -0.394628 3.089834 1.000000 -0.158319 -0.773685 3.174569 1.000000 -0.147749 -0.830778 3.105574 1.000000
6854714285 -0.216534 0.226354 2.993114 1.000000 -0.223691 0.293214 3.042925 1.000000 -0.215625 0.650230 3.019080 1.000000 -0.186021 0.843224 3.016500 1.000000 -0.383980 0.554682 3.001650 1.000000 -0.585881 0.438962 2.940290 1.000000 -0.749800 0.442096 2.804334 1.000000 -0.825269 0.474210 2.740106 1.000000 -0.033942 0.536442 3.053593 1.000000 0.169973 0.426387 3.023442 1.000000 0.386230 0.478760 2.896177 1.000000 0.444745 0.528461 2.890301 1.000000 -0.293781 0.152345 2.973927 1.000000 -0.345337 -0.378075 3.066998 1.000000 -0.372850 -0.761634 3.126520 1.000000 -0.401992 -0.827747 3.086932 1.000000 -0.138651 0.145349 2.994245 1.000000 -0.135625 -0.394625 3.089876 1.000000 -0.158383 -0.774043 3.174487 1.000000 -0.148036 -0.830908 3.105135 1.000000
6854747437 -0.216400 0.225968 2.992994 1.000000 -0.223377 0.292838 3.041563 1.000000 -0.216295 0.649417 3.017567 1.000000 -0.187352 0.842073 3.012863 1.000000 -0.384640 0.547739 3.002301 1.000000 -0.571289 0.395020 2.964637 1.000000 -0.754395 0.380127 2.810239 1.000000 -0.831055 0.388672 2.755551 1.000000 -0.034091 0.535493 3.054282 1.000000 0.152250 0.396368 3.034977 1.000000 0.389404 0.389893 2.915708 1.000000 0.457267 0.404710 2.882517 1.000000 -0.293762 0.151124 2.973602 1.000000 -0.345320 -0.377974 3.066944 1.000000 -0.372576 -0.761252 3.126346 1.000000 -0.400551 -0.824772 3.089390 1.000000 -0.138041 0.144453 2.995077 1.000000 -0.135840 -0.394075 3.090031 1.000000 -0.158207 -0.773410 3.174387 1.000000 -0.148948 -0.827697 3.120576 1.000000
6854780357 -0.215672 0.224512 2.992836 1.000000 -0.222712 0.291657 3.039985 1.000000 -0.216474 0.648798 3.016062 1.000000 -0.187836 0.839572 3.003672 1.000000 -0.385578 0.543125 3.002035 1.000000 -0.568587 0.377759 2.971841 1.000000 -0.729004 0.309082 2.825864 1.000000 -0.791992 0.303467 2.778989 1.000000 -0.035970 0.534022 3.054687 1.000000 0.129583 0.378453 3.040956 1.000000 0.375431 0.300329 2.927312 1.000000 0.447409 0.291483 2.901577 1.000000 -0.292896 0.149066 2.973602 1.000000 -0.345318 -0.377963 3.066963 1.000000 -0.372949 -0.761081 3.127751 1.000000 -0.401074 -0.823571 3.097319 1.000000 -0.137146 0.143148 2.995873 1.000000 -0.136120 -0.394712 3.090179 1.000000 -0.158106 -0.773487 3.174347 1.000000 -0.144062 -0.831099 3.094981 1.000000
6854814413 -0.215278 0.223648 2.992983 1.000000 -0.222257 0.291014 3.038930 1.000000 -0.216428 0.648483 3.015513 1.000000 -0.189149 0.839670 3.003716 1.000000 -0.386483 0.540547 3.001430 1.000000 -0.550647 0.344597 2.982762 1.000000 -0.682964 0.241703 2.851878 1.000000 -0.763407 0.201664 2.799224 1.000000 -0.037944 0.533239 3.054169 1.000000 0.114268 0.341059 3.047896 1.000000 0.325684 0.232910 2.957699 1.000000 0.402832 0.208740 2.941097 1.000000 -0.292550 0.147864 2.973872 1.000000 -0.345254 -0.378002 3.066997 1.000000 -0.373033 -0.761090 3.127935 1.000000 -0.400853 -0.823286 3.096929 1.000000 -0.136617 0.142431 2.996695 1.000000 -0.136075 -0.393278 3.089689 1.000000 -0.157944 -0.773208 3.174644 1.000000 -0.145084 -0.827488 3.105535 1.000000
6854847343 -0.215371 0.222689 2.993077 1.000000 -0.222374 0.290463 3.037962 1.000000 -0.216812 0.648726 3.015275 1.000000 -0.188511 0.840087 3.004480 1.000000 -0.386717 0.539806 3.001968 1.000000 -0.533225 0.333380 2.987499 1.000000 -0.650879 0.181152 2.857113 1.000000 -0.708496 0.127930 2.820004 1.000000 -0.038862 0.531403 3.055460 1.000000 0.085973 0.333370 3.051455 1.000000 0.264160 0.171631 2.966488 1.000000 0.343994 0.119507 2.952816 1.000000 -0.292610 0.147097 2.974104 1.000000 -0.345413 -0.378212 3.067060 1.000000 -0.372902 -0.760523 3.128018 1.000000 -0.400009 -0.823576 3.095038 1.000000 -0.136737 0.141125 2.997175 1.000000 -0.136116 -0.394210 3.090207 1.000000 -0.157875 -0.773253 3.174826 1.000000 -0.143276 -0.832237 3.100175 1.000000
6854881450 -0.215243 0.221681 2.992799 1.000000 -0.222150 0.289579 3.036499 1.000000 -0.217161 0.648058 3.013837 1.000000 -0.188710 0.839825 3.004472 1.000000 -0.386807 0.538230 3.002590 1.000000 -0.502498 0.310776 2.996658 1.000000 -0.589355 0.140747 2.870785 1.000000 -0.628906 0.080200 2.829769 1.000000 -0.040095 0.531139 3.055887 1.000000 0.076109 0.304957 3.047727 1.000000 0.232666 0.108459 2.964535 1.000000 0.284672 0.055202 2.945002 1.000000 -0.292343 0.146306 2.974078 1.000000 -0.345381 -0.378455 3.066975 1.000000 -0.373057 -0.760745 3.128238 1.000000 -0.399525 -0.823713 3.095565 1.000000 -0.136754 0.140546 2.997226 1.000000 -0.136085 -0.394837 3.090572 1.000000 -0.157865 -0.773208 3.174783 1.000000 -0.144663 -0.832369 3.099707 1.000000
6854914069 -0.215282 0.220414 2.992418 1.000000 -0.222142 0.288504 3.035132 1.000000 -0.217551 0.647745 3.013274 1.000000 -0.190814 0.839416 3.002424 1.000000 -0.386604 0.538076 3.002505 1.000000 -0.484013 0.304943 2.992482 1.000000 -0.539551 0.105652 2.866879 1.000000 -0.556641 0.032654 2.827816 1.000000 -0.041068 0.530723 3.055634 1.000000 0.046561 0.294086 3.046886 1.000000 0.169189 0.065613 2.945004 1.000000 0.218200 0.006653 2.938663 1.000000 -0.292182 0.145496 2.974165 1.000000 -0.345282 -0.379040 3.067070 1.000000 -0.371906 -0.759147 3.127533 1.000000 -0.398830 -0.822082 3.094783 1.000000 -0.136928 0.139875 2.996907 1.000000 -0.136098 -0.394860 3.090590 1.000000 -0.157877 -0.773357 3.174828 1.000000 -0.143057 -0.828628 3.093947 1.000000
6854947549 -0.215342 0.219047 2.992588 1.000000 -0.222043 0.287505 3.034363 1.000000 -0.217529 0.647649 3.013162 1.000000 -0.190914 0.839047 3.001074 1.000000 -0.386414 0.537496 3.002146 1.000000 -0.465039 0.302366 2.993381 1.000000 -0.481934 0.110962 2.876645 1.000000 -0.484375 0.027924 2.835629 1.000000 -0.044204 0.531108 3.054760 1.000000 0.027603 0.289660 3.041791 1.000000 0.105530 0.060608 2.921567 1.000000 0.136976 -0.007659 2.905237 1.000000 -0.291841 0.144603 2.974592 1.000000 -0.345395 -0.379718 3.067409 1.000000 -0.372738 -0.761855 3.128797 1.000000 -0.422492 -0.838567 3.092354 1.000000 -0.137477 0.139156 2.997172 1.000000 -0.136109 -0.394935 3.090619 1.000000 -0.157809 -0.773381 3.174778 1.000000 -0.142934 -0.829006 3.094101 1.000000
6854981189 -0.214938 0.217382 2.992408 1.000000 -0.221649 0.286205 3.033624 1.000000 -0.217559 0.647554 3.013482 1.000000 -0.191103 0.839171 3.001925 1.000000 -0.385952 0.536819 3.002057 1.000000 -0.450073 0.294510 2.989094 1.000000 -0.429443 0.110962 2.862973 1.000000 -0.424561 0.031113 2.821958 1.000000 -0.046870 0.530682 3.054164 1.000000 0.009692 0.282297 3.041180 1.000000 0.044800 0.071655 2.894223 1.000000 0.064758 -0.009712 2.849302 1.000000 -0.290770 0.143277 2.974685 1.000000 -0.345338 -0.379774 3.067428 1.000000 -0.372067 -0.760035 3.127513 1.000000 -0.408489 -0.825308 3.099372 1.000000 -0.137600 0.138708 2.996935 1.000000 -0.135950 -0.395721 3.091278 1.000000 -0.157788 -0.773397 3.174745 1.000000 -0.143043 -0.828747 3.093835 1.000000
6855014244 -0.214586 0.216652 2.991549 1.000000 -0.221235 0.285329 3.032242 1.000000 -0.217796 0.646648 3.013162 1.000000 -0.190851 0.838654 3.003119 1.000000 -0.385638 0.536157 3.002485 1.000000 -0.440615 0.293997 2.981935 1.000000 -0.404196 0.121196 2.861531 1.000000 -0.377930 0.055298 2.823911 1.000000 -0.047655 0.530950 3.053908 1.000000 0.001606 0.278998 3.041842 1.000000 -0.007160 0.087524 2.925473 1.000000 0.004314 0.018539 2.853208 1.000000 -0.290108 0.142717 2.974038 1.000000 -0.345350 -0.379786 3.067436 1.000000 -0.371708 -0.758458 3.127012 1.000000 -0.404477 -0.823009 3.098174 1.000000 -0.137473 0.138354 2.995919 1.000000 -0.136005 -0.395853 3.091278 1.000000 -0.157678 -0.773248 3.174505 1.000000 -0.143171 -0.828845 3.093703 1.000000
6855047330 -0.214360 0.216009 2.990495 1.000000 -0.221009 0.284708 3.031444 1.000000 -0.217946 0.646699 3.014391 1.000000 -0.191545 0.838239 3.002182 1.000000 -0.385356 0.535863 3.002770 1.000000 -0.437616 0.297617 2.980167 1.000000 -0.383320 0.137136 2.851692 1.000000 -0.354983 0.091416 2.807052 1.000000 -0.047703 0.530860 3.053626 1.000000 -0.002878 0.282576 3.041492 1.000000 -0.018326 0.118149 2.906955 1.000000 -0.030815 0.033178 2.848090 1.000000 -0.289823 0.142303 2.973242 1.000000 -0.345320 -0.379790 3.067551 1.000000 -0.371691 -0.757612 3.127524 1.000000 -0.403655 -0.822290 3.098667 1.000000 -0.137202 0.137572 2.993108 1.000000 -0.135936 -0.396115 3.091433 1.000000 -0.157534 -0.773316 3.174022 1.000000 -0.143474 -0.828505 3.092846 1.000000
6855081231 -0.214495 0.215545 2.989448 1.000000 -0.221104 0.284210 3.030572 1.000000 -0.217992 0.646658 3.014545 1.000000 -0.192210 0.838283 3.002874 1.000000 -0.385169 0.535810 3.002960 1.000000 -0.435370 0.305874 2.976861 1.000000 -0.380578 0.145305 2.848748 1.000000 -0.351908 0.112010 2.800105 1.000000 -0.047858 0.530746 3.053807 1.000000 -0.005625 0.290200 3.039620 1.000000 -0.027694 0.128558 2.902385 1.000000 -0.054760 0.059505 2.829258 1.000000 -0.289848 0.141986 2.972016 1.000000 -0.345269 -0.379735 3.067911 1.000000 -0.372153 -0.758125 3.128678 1.000000 -0.403481 -0.822154 3.098583 1.000000 -0.137557 0.137202 2.991791 1.000000 -0.136076 -0.396420 3.091588 1.000000 -0.157610 -0.773289 3.174279 1.000000 -0.143478 -0.827909 3.092716 1.000000
6855113320 -0.214469 0.215102 2.989336 1.000000 -0.221134 0.283649 3.030530 1.000000 -0.218344 0.646192 3.015511 1.000000 -0.192059 0.837639 3.003976 1.000000 -0.384824 0.535795 3.003176 1.000000 -0.434409 0.308421 2.975795 1.000000 -0.375311 0.156620 2.838265 1.000000 -0.351165 0.125893 2.792630 1.000000 -0.048179 0.530395 3.054048 1.000000 -0.006866 0.306121 3.040293 1.000000 -0.037449 0.145552 2.903498 1.000000 -0.059894 0.076130 2.829132 1.000000 -0.289652 0.141719 2.971871 1.000000 -0.345302 -0.379802 3.068004 1.000000 -0.373774 -0.760013 3.131313 1.000000 -0.402997 -0.821947 3.098238 1.000000 -0.137653 0.136940 2.991668 1.000000 -0.136135 -0.397364 3.092119 1.000000 -0.158035 -0.775033 3.174914 1.000000 -0.142936 -0.829655 3.093512 1.000000
6855147134 -0.214549 0.214752 2.989178 1.000000 -0.221197 0.283027 3.030795 1.000000 -0.218212 0.645578 3.018147 1.000000 -0.191340 0.836006 3.003816 1.000000 -0.384819 0.535601 3.003559 1.000000 -0.434981 0.309541 2.975573 1.000000 -0.374784 0.169903 2.824970 1.000000 -0.347155 0.133435 2.771593 1.000000 -0.048508 0.529904 3.054062 1.000000 -0.006411 0.308189 3.040400 1.000000 -0.039923 0.150961 2.900130 1.000000 -0.062246 0.079970 2.827185 1.000000 -0.289658 0.141560 2.971698 1.000000 -0.345382 -0.379830 3.068094 1.000000 -0.373714 -0.760097 3.131378 1.000000 -0.402854 -0.822017 3.100633 1.000000 -0.137978 0.136415 2.991110 1.000000 -0.135955 -0.397965 3.092491 1.000000 -0.158052 -0.775112 3.175069 1.000000 -0.144298 -0.830229 3.093752 1.000000
6855181190 -0.214663 0.214672 2.989104 1.000000 -0.221545 0.282518 3.031349 1.000000 -0.220495 0.645025 3.021057 1.000000 -0.192794 0.834978 3.006039 1.000000 -0.384923 0.535388 3.003691 1.000000 -0.436517 0.311119 2.974904 1.000000 -0.374922 0.175935 2.820531 1.000000 -0.346319 0.134902 2.769092 1.000000 -0.048980 0.530003 3.054528 1.000000 -0.006260 0.309735 3.040126 1.000000 -0.040753 0.153620 2.898779 1.000000 -0.065476 0.085308 2.824047 1.000000 -0.289658 0.141480 2.971582 1.000000 -0.345332 -0.379942 3.068190 1.000000 -0.372537 -0.758700 3.130856 1.000000 -0.401070 -0.820899 3.097669 1.000000 -0.138161 0.136437 2.990755 1.000000 -0.135755 -0.397582 3.092162 1.000000 -0.158116 -0.775122 3.175087 1.000000 -0.147834 -0.827564 3.110583 1.000000
6855214258 -0.214699 0.214545 2.989135 1.000000 -0.221519 0.281936 3.032427 1.000000 -0.219836 0.645707 3.024864 1.000000 -0.193410 0.835033 3.007038 1.000000 -0.385460 0.533887 3.005289 1.000000 -0.437712 0.313735 2.973269 1.000000 -0.376128 0.178358 2.819109 1.000000 -0.353303 0.142734 2.766428 1.000000 -0.049010 0.529913 3.054797 1.000000 -0.005973 0.310115 3.039777 1.000000 -0.038787 0.158141 2.893132 1.000000 -0.066521 0.091804 2.817668 1.000000 -0.289715 0.141303 2.971648 1.000000 -0.345269 -0.380031 3.068175 1.000000 -0.372187 -0.758968 3.131601 1.000000 -0.401221 -0.820880 3.099499 1.000000 -0.138260 0.136237 2.990311 1.000000 -0.135658 -0.397722 3.092228 1.000000 -0.158175 -0.775164 3.175224 1.000000 -0.144828 -0.830824 3.094219 1.000000
6855248124 -0.214704 0.214519 2.989204 1.000000 -0.221445 0.281627 3.033606 1.000000 -0.219194 0.645414 3.026242 1.000000 -0.192263 0.835023 3.010064 1.000000 -0.385812 0.532666 3.006878 1.000000 -0.439224 0.315614 2.973519 1.000000 -0.384842 0.181230 2.815519 1.000000 -0.346994 0.121269 2.739052 1.000000 -0.048892 0.529688 3.055086 1.000000 -0.005971 0.310112 3.039613 1.000000 -0.036868 0.158367 2.892285 1.000000 -0.065973 0.092307 2.817026 1.000000 -0.289755 0.141243 2.971674 1.000000 -0.345242 -0.379937 3.068259 1.000000 -0.372817 -0.759426 3.132743 1.000000 -0.402100 -0.823091 3.102823 1.000000 -0.138264 0.136222 2.990303 1.000000 -0.135247 -0.396527 3.091384 1.000000 -0.158198 -0.775127 3.175235 1.000000 -0.145031 -0.826758 3.100810 1.000000
6855281224 -0.214757 0.214527 2.989208 1.000000 -0.221484 0.281424 3.034553 1.000000 -0.219448 0.645295 3.027117 1.000000 -0.192666 0.835302 3.012709 1.000000 -0.385841 0.532429 3.008256 1.000000 -0.440991 0.317032 2.973709 1.000000 -0.385454 0.181417 2.817347 1.000000 -0.348851 0.122646 2.739295 1.000000 -0.049039 0.529783 3.055151 1.000000 -0.005555 0.310884 3.038500 1.000000 -0.035703 0.158631 2.891619 1.000000 -0.065096 0.093094 2.815943 1.000000 -0.289774 0.141252 2.971645 1.000000 -0.345028 -0.380327 3.068637 1.000000 -0.373242 -0.760401 3.132724 1.000000 -0.402232 -0.823633 3.102666 1.000000 -0.138422 0.136320 2.990144 1.000000 -0.135292 -0.395995 3.090905 1.000000 -0.158321 -0.774921 3.175412 1.000000 -0.147954 -0.825587 3.110975 1.000000
6855314123 -0.215044 0.214539 2.989376 1.000000 -0.221929 0.281189 3.035629 1.000000 -0.219782 0.644771 3.027909 1.000000 -0.193238 0.834700 3.013623 1.000000 -0.386502 0.532220 3.008627 1.000000 -0.442622 0.318649 2.974286 1.000000 -0.394220 0.182767 2.815633 1.000000 -0.353818 0.123447 2.739913 1.000000 -0.049393 0.529957 3.055730 1.000000 -0.006188 0.310143 3.037972 1.000000 -0.036779 0.157818 2.891315 1.000000 -0.065110 0.093854 2.813916 1.000000 -0.290066 0.141223 2.971720 1.000000 -0.345038 -0.380311 3.068620 1.000000 -0.373009 -0.759726 3.132950 1.000000 -0.402124 -0.823219 3.102015 1.000000 -0.138648 0.136308 2.990150 1.000000 -0.135388 -0.397350 3.091299 1.000000 -0.158243 -0.774697 3.175072 1.000000 -0.148673 -0.829227 3.105264 1.000000
6855348319 -0.215242 0.214633 2.989491 1.000000 -0.222225 0.281158 3.036532 1.000000 -0.219877 0.644948 3.028404 1.000000 -0.193469 0.835448 3.016595 1.000000 -0.386403 0.532285 3.009478 1.000000 -0.443475 0.319120 2.974303 1.000000 -0.395062 0.182987 2.815924 1.000000 -0.354194 0.123795 2.740365 1.000000 -0.049608 0.530267 3.056587 1.000000 -0.007319 0.308942 3.037409 1.000000 -0.037625 0.157716 2.889475 1.000000 -0.065939 0.093684 2.812136 1.000000 -0.290217 0.141358 2.971646 1.000000 -0.345036 -0.380293 3.068652 1.000000 -0.372640 -0.759482 3.131555 1.000000 -0.402176 -0.823766 3.101725 1.000000 -0.138965 0.136416 2.990310 1.000000 -0.135616 -0.396784 3.090809 1.000000 -0.158336 -0.774817 3.175100 1.000000 -0.148232 -0.827742 3.106931 1.000000
6855381008 -0.215324 0.214535 2.989559 1.000000 -0.222339 0.280876 3.037331 1.000000 -0.219051 0.645857 3.030074 1.000000 -0.192598 0.836169 3.018137 1.000000 -0.386255 0.532104 3.009811 1.000000 -0.443795 0.319402 2.974503 1.000000 -0.389801 0.181305 2.820051 1.000000 -0.358134 0.144374 2.760785 1.000000 -0.049600 0.530158 3.056847 1.000000 -0.007701 0.307729 3.037009 1.000000 -0.037854 0.156940 2.888587 1.000000 -0.064987 0.092605 2.811036 1.000000 -0.290295 0.141306 2.971649 1.000000 -0.345034 -0.380271 3.068635 1.000000 -0.372093 -0.758464 3.130749 1.000000 -0.402081 -0.824158 3.101693 1.000000 -0.139163 0.136315 2.990237 1.000000 -0.135708 -0.396867 3.090835 1.000000 -0.158372 -0.774934 3.174840 1.000000 -0.148396 -0.830237 3.103647 1.000000
6855414207 -0.215473 0.214609 2.989603 1.000000 -0.222705 0.280864 3.037932 1.000000 -0.219268 0.645799 3.029984 1.000000 -0.195416 0.837326 3.021846 1.000000 -0.386174 0.532064 3.010381 1.000000 -0.443786 0.319378 2.974501 1.000000 -0.392385 0.180388 2.819996 1.000000 -0.352556 0.122560 2.742734 1.000000 -0.049698 0.530179 3.058489 1.000000 -0.007450 0.309835 3.037393 1.000000 -0.035302 0.156449 2.891473 1.000000 -0.063858 0.091965 2.814490 1.000000 -0.290424 0.141398 2.971688 1.000000 -0.345183 -0.380800 3.068759 1.000000 -0.373057 -0.758966 3.128577 1.000000 -0.402565 -0.825271 3.105434 1.000000 -0.139310 0.136408 2.990218 1.000000 -0.135449 -0.395054 3.090153 1.000000 -0.158068 -0.774463 3.174919 1.000000 -0.147719 -0.827910 3.104943 1.000000
6855448252 -0.215638 0.214689 2.989636 1.000000 -0.222906 0.280828 3.038532 1.000000 -0.219440 0.645703 3.030189 1.000000 -0.195497 0.837606 3.024136 1.000000 -0.386310 0.532290 3.010888 1.000000 -0.444310 0.319430 2.974950 1.000000 -0.387346 0.176615 2.826587 1.000000 -0.351289 0.121146 2.745760 1.000000 -0.049845 0.530186 3.058767 1.000000 -0.007955 0.309375 3.037336 1.000000 -0.031918 0.154557 2.892367 1.000000 -0.062305 0.090930 2.815307 1.000000 -0.290582 0.141484 2.971732 1.000000 -0.345212 -0.380746 3.068799 1.000000 -0.372941 -0.758888 3.127905 1.000000 -0.401260 -0.823771 3.103571 1.000000 -0.139540 0.136567 2.990044 1.000000 -0.135442 -0.394604 3.090262 1.000000 -0.158009 -0.773969 3.174985 1.000000 -0.149063 -0.824910 3.112012 1.000000
6855481083 -0.215669 0.214633 2.989869 1.000000 -0.223024 0.280707 3.039333 1.000000 -0.219376 0.645822 3.030608 1.000000 -0.195382 0.837494 3.024161 1.000000 -0.386178 0.532282 3.011664 1.000000 -0.444397 0.319487 2.975021 1.000000 -0.387847 0.175167 2.828137 1.000000 -0.351190 0.118939 2.748117 1.000000 -0.049945 0.530058 3.059798 1.000000 -0.007702 0.310571 3.038294 1.000000 -0.033286 0.154550 2.895109 1.000000 -0.061724 0.090905 2.817334 1.000000 -0.290590 0.141464 2.971805 1.000000 -0.345418 -0.380942 3.068727 1.000000 -0.372345 -0.761606 3.129606 1.000000 -0.406905 -0.829742 3.090351 1.000000 -0.139600 0.136540 2.990239 1.000000 -0.136088 -0.395085 3.090663 1.000000 -0.158170 -0.773896 3.175167 1.000000 -0.144391 -0.827229 3.093112 1.000000
6855515162 -0.215748 0.214606 2.989882 1.000000 -0.223080 0.280662 3.039761 1.000000 -0.219361 0.645942 3.030506 1.000000 -0.195315 0.837534 3.024267 1.000000 -0.386006 0.532572 3.012322 1.000000 -0.444719 0.319574 2.976106 1.000000 -0.388474 0.176058 2.828268 1.000000 -0.351244 0.119467 2.748779 1.000000 -0.050304 0.530168 3.060001 1.000000 -0.008068 0.309801 3.038368 1.000000 -0.034480 0.154037 2.895081 1.000000 -0.061158 0.090124 2.816912 1.000000 -0.290661 0.141498 2.971949 1.000000 -0.345442 -0.380908 3.068700 1.000000 -0.372305 -0.761553 3.129648 1.000000 -0.404883 -0.828716 3.091514 1.000000 -0.139857 0.136609 2.990069 1.000000 -0.136159 -0.394473 3.090514 1.000000 -0.158008 -0.773627 3.175200 1.000000 -0.149223 -0.825673 3.111458 1.000000
6855548220 -0.216024 0.214756 2.990581 1.000000 -0.223369 0.280759 3.040946 1.000000 -0.219175 0.646073 3.031281 1.000000 -0.194755 0.837140 3.023657 1.000000 -0.385901 0.532794 3.012824 1.000000 -0.444950 0.319932 2.976574 1.000000 -0.387062 0.177925 2.827869 1.000000 -0.357860 0.139790 2.765452 1.000000 -0.050440 0.530300 3.060721 1.000000 -0.009531 0.308157 3.038060 1.000000 -0.037000 0.153034 2.894264 1.000000 -0.061915 0.089293 2.815331 1.000000 -0.290981 0.141770 2.972808 1.000000 -0.345357 -0.380521 3.069302 1.000000 -0.372711 -0.760698 3.129518 1.000000 -0.405187 -0.823759 3.101836 1.000000 -0.140186 0.136801 2.990466 1.000000 -0.136122 -0.393675 3.090612 1.000000 -0.157152 -0.771781 3.173486 1.000000 -0.148709 -0.824932 3.111142 1.000000
6855581233 -0.216093 0.215012 2.991065 1.000000 -0.223727 0.280973 3.041702 1.000000 -0.219271 0.646118 3.031353 1.000000 -0.194650 0.837287 3.024753 1.000000 -0.385886 0.532815 3.012832 1.000000 -0.445275 0.320719 2.977459 1.000000 -0.390708 0.176453 2.829806 1.000000 -0.351660 0.119370 2.751441 1.000000 -0.050405 0.531067 3.062517 1.000000 -0.009570 0.307774 3.038327 1.000000 -0.037755 0.152914 2.894408 1.000000 -0.061693 0.088981 2.815264 1.000000 -0.290987 0.142047 2.973483 1.000000 -0.345322 -0.380596 3.069700 1.000000 -0.372570 -0.759539 3.130010 1.000000 -0.404653 -0.823211 3.101778 1.000000 -0.140244 0.137089 2.990802 1.000000 -0.136121 -0.393263 3.090675 1.000000 -0.157176 -0.771629 3.173493 1.000000 -0.148495 -0.824343 3.111366 1.000000
6855615156 -0.216195 0.214937 2.991485 1.000000 -0.223831 0.280941 3.042389 1.000000 -0.219206 0.646213 3.031422 1.000000 -0.194048 0.837155 3.024751 1.000000 -0.385844 0.532797 3.012842 1.000000 -0.445317 0.320713 2.977422 1.000000 -0.383553 0.174999 2.834587 1.000000 -0.356233 0.137211 2.772381 1.000000 -0.050429 0.531073 3.062563 1.000000 -0.010169 0.307295 3.038149 1.000000 -0.038883 0.152707 2.894058 1.000000 -0.062016 0.088662 2.814739 1.000000 -0.291143 0.142018 2.973897 1.000000 -0.345222 -0.380419 3.070067 1.000000 -0.373154 -0.759617 3.130081 1.000000 -0.404105 -0.824112 3.102685 1.000000 -0.140362 0.137047 2.991278 1.000000 -0.135996 -0.392863 3.090731 1.000000 -0.157529 -0.771443 3.174813 1.000000 -0.148170 -0.824073 3.112096 1.000000
6855648233 -0.216444 0.214988 2.991857 1.000000 -0.224134 0.281002 3.042937 1.000000 -0.219684 0.646191 3.031146 1.000000 -0.193628 0.836786 3.024081 1.000000 -0.385852 0.532932 3.012749 1.000000 -0.445335 0.320663 2.977384 1.000000 -0.383357 0.175003 2.834627 1.000000 -0.355326 0.135858 2.772881 1.000000 -0.050468 0.531093 3.062546 1.000000 -0.010963 0.306594 3.038253 1.000000 -0.039721 0.152164 2.894021 1.000000 -0.062340 0.087974 2.814643 1.000000 -0.291325 0.142088 2.974330 1.000000 -0.345282 -0.380111 3.070208 1.000000 -0.372622 -0.758731 3.128163 1.000000 -0.403953 -0.824416 3.102063 1.000000 -0.140636 0.137113 2.991785 1.000000 -0.136244 -0.392834 3.091186 1.000000 -0.157504 -0.771502 3.174973 1.000000 -0.151389 -0.824527 3.119605 1.000000
6855681311 -0.216532 0.215143 2.992211 1.000000 -0.224287 0.281217 3.043532 1.000000 -0.219512 0.646875 3.031333 1.000000 -0.193139 0.837404 3.024688 1.000000 -0.385973 0.533078 3.012648 1.000000 -0.446359 0.321633 2.977540 1.000000 -0.389269 0.175560 2.833041 1.000000 -0.349552 0.115681 2.757025 1.000000 -0.050766 0.531569 3.062937 1.000000 -0.010973 0.306450 3.038424 1.000000 -0.039972 0.152202 2.894067 1.000000 -0.062529 0.087974 2.814647 1.000000 -0.291447 0.142186 2.974542 1.000000 -0.345355 -0.379976 3.070487 1.000000 -0.372289 -0.758650 3.126428 1.000000 -0.403597 -0.824313 3.102173 1.000000 -0.140738 0.137340 2.992349 1.000000 -0.136268 -0.392598 3.091193 1.000000 -0.157385 -0.771696 3.175837 1.000000 -0.150993 -0.823780 3.121430 1.000000
6855715385 -0.216559 0.215207 2.992288 1.000000 -0.224377 0.281240 3.043858 1.000000 -0.219468 0.646915 3.031561 1.000000 -0.193335 0.837444 3.025280 1.000000 -0.386176 0.533154 3.012549 1.000000 -0.446502 0.321798 2.978022 1.000000 -0.389859 0.175339 2.833802 1.000000 -0.353927 0.118376 2.753708 1.000000 -0.050777 0.531485 3.063130 1.000000 -0.009692 0.309187 3.040692 1.000000 -0.036138 0.154050 2.896886 1.000000 -0.062242 0.088769 2.819375 1.000000 -0.291500 0.142206 2.974502 1.000000 -0.345508 -0.379840 3.070573 1.000000 -0.372226 -0.758656 3.126357 1.000000 -0.402775 -0.824920 3.101421 1.000000 -0.140741 0.137375 2.992498 1.000000 -0.136393 -0.392681 3.091542 1.000000 -0.157618 -0.771876 3.175974 1.000000 -0.145534 -0.827469 3.115432 1.000000
6855748198 -0.216623 0.215361 2.992410 1.000000 -0.224460 0.281333 3.044145 1.000000 -0.219473 0.646907 3.031545 1.000000 -0.193156 0.837291 3.025307 1.000000 -0.386571 0.533342 3.012607 1.000000 -0.447046 0.321885 2.978537 1.000000 -0.390976 0.174096 2.835615 1.000000 -0.357199 0.129060 2.765903 1.000000 -0.050754 0.531560 3.063298 1.000000 -0.010079 0.308469 3.040963 1.000000 -0.035578 0.151853 2.898790 1.000000 -0.062122 0.085896 2.821959 1.000000 -0.291637 0.142292 2.974548 1.000000 -0.345731 -0.376984 3.070389 1.000000 -0.368946 -0.750873 3.125715 1.000000 -0.405650 -0.821655 3.105432 1.000000 -0.140726 0.137430 2.992641 1.000000 -0.136407 -0.393930 3.092546 1.000000 -0.157789 -0.772083 3.175539 1.000000 -0.143399 -0.826692 3.097651 1.000000
6855782170 -0.216604 0.215495 2.992507 1.000000 -0.224496 0.281346 3.044461 1.000000 -0.219392 0.646639 3.032114 1.000000 -0.192628 0.836603 3.024940 1.000000 -0.387218 0.533684 3.012435 1.000000 -0.448067 0.321662 2.979483 1.000000 -0.383703 0.157987 2.827799 1.000000 -0.352374 0.110581 2.775305 1.000000 -0.050744 0.531516 3.063440 1.000000 -0.010630 0.306309 3.040514 1.000000 -0.031750 0.147913 2.899775 1.000000 -0.057444 0.094203 2.845807 1.000000 -0.291689 0.142331 2.974529 1.000000 -0.345766 -0.377005 3.070371 1.000000 -0.370274 -0.754542 3.129211 1.000000 -0.404428 -0.823796 3.102751 1.000000 -0.140615 0.137485 2.992710 1.000000 -0.136605 -0.394510 3.093552 1.000000 -0.157684 -0.772291 3.175397 1.000000 -0.144294 -0.828090 3.096865 1.000000
6855815260 -0.216635 0.215677 2.992524 1.000000 -0.224567 0.281588 3.044642 1.000000 -0.219597 0.647336 3.031945 1.000000 -0.194230 0.836976 3.023252 1.000000 -0.388108 0.533817 3.012268 1.000000 -0.448424 0.314018 2.978252 1.000000 -0.384146 0.151468 2.833501 1.000000 -0.352452 0.087505 2.803688 1.000000 -0.050776 0.531524 3.063388 1.000000 -0.010571 0.305750 3.040763 1.000000 -0.030118 0.145479 2.902169 1.000000 -0.063301 0.068267 2.839787 1.000000 -0.291881 0.142421 2.974531 1.000000 -0.345511 -0.375854 3.069622 1.000000 -0.368658 -0.752444 3.127629 1.000000 -0.403648 -0.820220 3.099957 1.000000 -0.140466 0.137603 2.992707 1.000000 -0.136892 -0.396294 3.094259 1.000000 -0.157687 -0.772738 3.175223 1.000000 -0.145328 -0.830168 3.098382 1.000000
6855848327 -0.216625 0.215699 2.992511 1.000000 -0.224642 0.281590 3.044771 1.000000 -0.219630 0.647398 3.031971 1.000000 -0.193766 0.837361 3.025309 1.000000 -0.388111 0.533783 3.012232 1.000000 -0.449093 0.311987 2.978263 1.000000 -0.383157 0.114365 2.851391 1.000000 -0.354159 0.045686 2.830701 1.000000 -0.050707 0.531543 3.063789 1.000000 -0.010492 0.304649 3.040768 1.000000 -0.024208 0.135635 2.913463 1.000000 -0.061837 0.053958 2.859896 1.000000 -0.292031 0.142319 2.974327 1.000000 -0.344475 -0.380520 3.071559 1.000000 -0.369687 -0.754069 3.129166 1.000000 -0.403203 -0.822046 3.100229 1.000000 -0.140176 0.137780 2.992748 1.000000 -0.137085 -0.394623 3.094427 1.000000 -0.157892 -0.772302 3.175724 1.000000 -0.146072 -0.825592 3.109377 1.000000
6855882190 -0.216660 0.215713 2.992463 1.000000 -0.224791 0.281620 3.044816 1.000000 -0.220434 0.646580 3.031096 1.000000 -0.193868 0.836610 3.025625 1.000000 -0.388731 0.533321 3.011837 1.000000 -0.448625 0.308743 2.978273 1.000000 -0.389961 0.108437 2.860134 1.000000 -0.359029 0.008647 2.853239 1.000000 -0.050723 0.531446 3.063902 1.000000 -0.009928 0.303153 3.041128 1.000000 -0.035054 0.117901 2.920130 1.000000 -0.070934 0.036728 2.873543 1.000000 -0.292386 0.142048 2.974240 1.000000 -0.344565 -0.379936 3.071103 1.000000 -0.369128 -0.752545 3.127877 1.000000 -0.405556 -0.821067 3.104161 1.000000 -0.139956 0.137866 2.992629 1.000000 -0.137232 -0.393800 3.093656 1.000000 -0.157909 -0.772389 3.175610 1.000000 -0.149128 -0.826001 3.116027 1.000000
6855915227 -0.216704 0.215681 2.992321 1.000000 -0.224964 0.281634 3.044763 1.000000 -0.220826 0.646856 3.030591 1.000000 -0.193887 0.836759 3.025326 1.000000 -0.389357 0.532198 3.011047 1.000000 -0.449195 0.305322 2.979904 1.000000 -0.395600 0.099821 2.874643 1.000000 -0.375283 0.016295 2.867930 1.000000 -0.050718 0.531418 3.063901 1.000000 -0.009964 0.301593 3.041787 1.000000 -0.031448 0.113810 2.928700 1.000000 -0.061917 0.019324 2.895459 1.000000 -0.292659 0.141637 2.973778 1.000000 -0.344788 -0.380833 3.070922 1.000000 -0.371160 -0.755221 3.129727 1.000000 -0.405294 -0.821377 3.107471 1.000000 -0.139863 0.137849 2.992575 1.000000 -0.137220 -0.393932 3.093925 1.000000 -0.157949 -0.772109 3.175224 1.000000 -0.146131 -0.825863 3.107129 1.000000
6855948232 -0.216748 0.215673 2.992349 1.000000 -0.225072 0.281616 3.044876 1.000000 -0.220872 0.646756 3.030491 1.000000 -0.193367 0.837343 3.028316 1.000000 -0.389385 0.531923 3.010689 1.000000 -0.448828 0.297923 2.979288 1.000000 -0.401942 0.083479 2.892687 1.000000 -0.381619 -0.007769 2.883600 1.000000 -0.050874 0.531381 3.063901 1.000000 -0.010201 0.296797 3.042088 1.000000 -0.027435 0.110760 2.937993 1.000000 -0.052918 0.011701 2.915685 1.000000 -0.292754 0.141532 2.973837 1.000000 -0.344997 -0.380702 3.070367 1.000000 -0.370622 -0.756971 3.130289 1.000000 -0.406821 -0.823392 3.101926 1.000000 -0.139889 0.137932 2.992652 1.000000 -0.137095 -0.392764 3.093153 1.000000 -0.158080 -0.771832 3.176046 1.000000 -0.146051 -0.825090 3.107389 1.000000
6855982181 -0.217148 0.215907 2.992733 1.000000 -0.225526 0.281899 3.045144 1.000000 -0.221697 0.646714 3.029620 1.000000 -0.194060 0.837122 3.026550 1.000000 -0.389551 0.531941 3.010600 1.000000 -0.447036 0.286720 2.978820 1.000000 -0.411909 0.076436 2.908458 1.000000 -0.398590 -0.001413 2.902627 1.000000 -0.050798 0.531542 3.064250 1.000000 -0.010308 0.291491 3.042307 1.000000 -0.020583 0.099357 2.959731 1.000000 -0.044160 0.000513 2.934466 1.000000 -0.293187 0.141642 2.974384 1.000000 -0.345222 -0.380880 3.070153 1.000000 -0.370996 -0.757533 3.130100 1.000000 -0.403615 -0.824382 3.098793 1.000000 -0.140169 0.138028 2.993253 1.000000 -0.137212 -0.393061 3.093159 1.000000 -0.157947 -0.771784 3.176131 1.000000 -0.147114 -0.826033 3.105715 1.000000
6856015130 -0.217305 0.215999 2.993010 1.000000 -0.225799 0.282108 3.045178 1.000000 -0.222503 0.646676 3.028510 1.000000 -0.193749 0.837228 3.026578 1.000000 -0.389861 0.532155 3.009958 1.000000 -0.447809 0.281931 2.982786 1.000000 -0.419516 0.075439 2.920783 1.000000 -0.414440 -0.000316 2.905763 1.000000 -0.051156 0.531797 3.064408 1.000000 -0.010249 0.285637 3.043823 1.000000 -0.018315 0.092361 2.965042 1.000000 -0.035877 -0.008651 2.943759 1.000000 -0.293233 0.141684 2.974674 1.000000 -0.345287 -0.380666 3.070128 1.000000 -0.370966 -0.757433 3.130126 1.000000 -0.403912 -0.824553 3.100971 1.000000 -0.140376 0.138182 2.994118 1.000000 -0.137175 -0.393021 3.093161 1.000000 -0.157707 -0.771449 3.176478 1.000000 -0.147965 -0.825101 3.107754 1.000000
6856048239 -0.217468 0.216260 2.993511 1.000000 -0.225967 0.282505 3.045153 1.000000 -0.223420 0.646819 3.027136 1.000000 -0.194631 0.837570 3.025894 1.000000 -0.389889 0.532212 3.009932 1.000000 -0.448666 0.277255 2.985145 1.000000 -0.423648 0.078201 2.930886 1.000000 -0.417405 0.003565 2.911381 1.000000 -0.051088 0.531900 3.064488 1.000000 -0.009253 0.282199 3.045148 1.000000 -0.014205 0.081058 2.984085 1.000000 -0.026129 -0.022068 2.970407 1.000000 -0.293287 0.141828 2.975312 1.000000 -0.345214 -0.380629 3.070205 1.000000 -0.370990 -0.757780 3.128384 1.000000 -0.402965 -0.823397 3.101037 1.000000 -0.140436 0.138408 2.995286 1.000000 -0.136760 -0.392840 3.093168 1.000000 -0.157329 -0.771570 3.177069 1.000000 -0.149475 -0.824759 3.115124 1.000000
6856082325 -0.217504 0.216310 2.993750 1.000000 -0.225975 0.282655 3.044974 1.000000 -0.223758 0.646941 3.026682 1.000000 -0.195566 0.838010 3.026251 1.000000 -0.390336 0.532462 3.009862 1.000000 -0.452000 0.275233 2.988615 1.000000 -0.427537 0.071154 2.933479 1.000000 -0.425573 -0.015226 2.910759 1.000000 -0.051131 0.531835 3.064345 1.000000 -0.008989 0.277896 3.048980 1.000000 -0.011259 0.077681 2.988609 1.000000 -0.020343 -0.025594 2.973692 1.000000 -0.293311 0.141654 2.975971 1.000000 -0.345140 -0.380539 3.070061 1.000000 -0.370863 -0.757172 3.128197 1.000000 -0.403263 -0.822538 3.102573 1.000000 -0.140363 0.138465 2.995522 1.000000 -0.136589 -0.392255 3.092953 1.000000 -0.157508 -0.771327 3.176948 1.000000 -0.149257 -0.823119 3.117425 1.000000
6856115333 -0.217506 0.216355 2.993860 1.000000 -0.225813 0.283028 3.044458 1.000000 -0.224541 0.646225 3.023824 1.000000 -0.196411 0.837520 3.024158 1.000000 -0.390955 0.532602 3.010015 1.000000 -0.456729 0.279141 2.992077 1.000000 -0.434737 0.076188 2.935047 1.000000 -0.426289 -0.015854 2.909580 1.000000 -0.051045 0.532013 3.063932 1.000000 -0.008700 0.277161 3.050280 1.000000 -0.009117 0.076248 2.993654 1.000000 -0.021545 -0.026340 2.976387 1.000000 -0.293296 0.141491 2.976542 1.000000 -0.345107 -0.380269 3.069882 1.000000 -0.370942 -0.757074 3.128118 1.000000 -0.403539 -0.822057 3.104843 1.000000 -0.140222 0.138454 2.995770 1.000000 -0.136282 -0.391677 3.092985 1.000000 -0.157490 -0.771521 3.176985 1.000000 -0.150380 -0.823675 3.123422 1.000000
6856149223 -0.217393 0.216383 2.993885 1.000000 -0.225646 0.283285 3.043744 1.000000 -0.224156 0.646007 3.022246 1.000000 -0.196851 0.837628 3.023313 1.000000 -0.391394 0.532614 3.009738 1.000000 -0.461797 0.281807 2.994827 1.000000 -0.441658 0.068559 2.936022 1.000000 -0.429155 -0.027662 2.919595 1.000000 -0.051030 0.532002 3.063854 1.000000 -0.008200 0.274726 3.052339 1.000000 -0.004144 0.065433 2.999813 1.000000 -0.014017 -0.036726 2.978609 1.000000 -0.293141 0.141390 2.976659 1.000000 -0.345139 -0.380052 3.069512 1.000000 -0.370831 -0.756981 3.128150 1.000000 -0.402296 -0.821427 3.105247 1.000000 -0.139946 0.138426 2.995938 1.000000 -0.136187 -0.394121 3.093937 1.000000 -0.157320 -0.772265 3.175744 1.000000 -0.143862 -0.829737 3.096265 1.000000
6856182153 -0.217127 0.216470 2.993923 1.000000 -0.225230 0.283540 3.042944 1.000000 -0.223298 0.645568 3.020969 1.000000 -0.197949 0.836886 3.019131 1.000000 -0.391984 0.532343 3.009908 1.000000 -0.466803 0.284134 2.997991 1.000000 -0.449146 0.061002 2.939340 1.000000 -0.434225 -0.025431 2.918948 1.000000 -0.050822 0.531778 3.063699 1.000000 -0.005446 0.270604 3.055025 1.000000 -0.003296 0.061699 2.999779 1.000000 -0.011024 -0.041227 2.981484 1.000000 -0.292994 0.141326 2.976634 1.000000 -0.345108 -0.380334 3.069533 1.000000 -0.371066 -0.757180 3.128367 1.000000 -0.401976 -0.821063 3.105048 1.000000 -0.139333 0.138248 2.996423 1.000000 -0.136498 -0.394915 3.094101 1.000000 -0.157180 -0.772046 3.175347 1.000000 -0.144278 -0.830005 3.096125 1.000000
6856215333 -0.217096 0.216522 2.994079 1.000000 -0.225010 0.283681 3.042319 1.000000 -0.222934 0.645698 3.020790 1.000000 -0.197103 0.836330 3.016034 1.000000 -0.392311 0.532373 3.009855 1.000000 -0.468155 0.286147 2.998391 1.000000 -0.453420 0.060156 2.939283 1.000000 -0.435871 -0.024478 2.918696 1.000000 -0.050023 0.530894 3.063101 1.000000 -0.004574 0.269133 3.055288 1.000000 -0.002309 0.060960 2.999453 1.000000 -0.009914 -0.042103 2.981767 1.000000 -0.293051 0.141216 2.976918 1.000000 -0.344907 -0.381044 3.069813 1.000000 -0.368805 -0.756895 3.128861 1.000000 -0.401768 -0.820260 3.104821 1.000000 -0.139264 0.138127 2.996667 1.000000 -0.136460 -0.394744 3.094050 1.000000 -0.157216 -0.771935 3.175253 1.000000 -0.147633 -0.826896 3.116111 1.000000
6856249282 -0.217103 0.216610 2.994167 1.000000 -0.224954 0.283796 3.041699 1.000000 -0.222988 0.645667 3.020710 1.000000 -0.197116 0.836349 3.015961 1.000000 -0.392607 0.532360 3.009635 1.000000 -0.469228 0.286436 2.998309 1.000000 -0.460674 0.053468 2.941867 1.000000 -0.441712 -0.030571 2.921557 1.000000 -0.049899 0.530862 3.063145 1.000000 -0.003141 0.267772 3.055919 1.000000 0.003180 0.056389 3.001039 1.000000 -0.004935 -0.046497 2.982470 1.000000 -0.293096 0.141176 2.977160 1.000000 -0.345108 -0.382518 3.070942 1.000000 -0.368890 -0.757050 3.128978 1.000000 -0.403436 -0.821995 3.109335 1.000000 -0.139233 0.138151 2.996702 1.000000 -0.136298 -0.394147 3.093959 1.000000 -0.157381 -0.771764 3.174933 1.000000 -0.147488 -0.826309 3.117721 1.000000
6856282120 -0.217143 0.216657 2.994180 1.000000 -0.224966 0.283947 3.040972 1.000000 -0.223678 0.644317 3.019630 1.000000 -0.197647 0.834647 3.013309 1.000000 -0.392836 0.532466 3.009451 1.000000 -0.469709 0.286670 2.998044 1.000000 -0.463203 0.050750 2.936723 1.000000 -0.448014 -0.030485 2.923699 1.000000 -0.049804 0.530754 3.063334 1.000000 -0.001950 0.267533 3.056665 1.000000 0.010015 0.049664 2.997796 1.000000 -0.001599 -0.052624 2.986570 1.000000 -0.293120 0.141155 2.977143 1.000000 -0.345030 -0.382489 3.070976 1.000000 -0.368973 -0.757149 3.129072 1.000000 -0.403481 -0.821968 3.108606 1.000000 -0.139237 0.138151 2.996884 1.000000 -0.136471 -0.393914 3.093903 1.000000 -0.157125 -0.771351 3.174261 1.000000 -0.147967 -0.825613 3.118938 1.000000
6856315136 -0.217171 0.216655 2.994232 1.000000 -0.224851 0.284014 3.040369 1.000000 -0.223667 0.644378 3.019608 1.000000 -0.197889 0.833764 3.009304 1.000000 -0.393007 0.532480 3.009439 1.000000 -0.470305 0.287256 2.997456 1.000000 -0.464682 0.042822 2.913984 1.000000 -0.447541 -0.037620 2.922135 1.000000 -0.049816 0.530430 3.063020 1.000000 -0.001298 0.267057 3.056081 1.000000 0.010928 0.044634 2.992538 1.000000 -0.000100 -0.053651 2.983973 1.000000 -0.293179 0.141095 2.977248 1.000000 -0.344956 -0.382634 3.071170 1.000000 -0.369822 -0.758244 3.129338 1.000000 -0.403593 -0.822246 3.108822 1.000000 -0.139257 0.138096 2.996967 1.000000 -0.136220 -0.393706 3.093668 1.000000 -0.157103 -0.771189 3.174224 1.000000 -0.147666 -0.825386 3.120210 1.000000
6856349236 -0.217175 0.216405 2.994422 1.000000 -0.224597 0.283851 3.039906 1.000000 -0.223419 0.644093 3.019556 1.000000 -0.196363 0.833095 3.008302 1.000000 -0.393012 0.532541 3.009099 1.000000 -0.470872 0.287742 2.996642 1.000000 -0.464424 0.043303 2.911079 1.000000 -0.444821 -0.042867 2.915231 1.000000 -0.049725 0.530046 3.061409 1.000000 0.000055 0.266150 3.053878 1.000000 0.012564 0.037792 2.977547 1.000000 -0.000892 -0.056776 2.972642 1.000000 -0.293199 0.140807 2.977508 1.000000 -0.345058 -0.383322 3.071781 1.000000 -0.371949 -0.762848 3.134231 1.000000 -0.409827 -0.828212 3.092362 1.000000 -0.139306 0.137646 2.997275 1.000000 -0.136332 -0.394496 3.094489 1.000000 -0.157237 -0.770960 3.174180 1.000000 -0.148355 -0.826650 3.118183 1.000000
6856382296 -0.217194 0.216400 2.994424 1.000000 -0.224550 0.283864 3.039359 1.000000 -0.223573 0.643815 3.019514 1.000000 -0.195908 0.832807 3.008348 1.000000 -0.393157 0.532694 3.009251 1.000000 -0.472371 0.289178 2.993049 1.000000 -0.460265 0.055983 2.881952 1.000000 -0.448067 -0.026975 2.884814 1.000000 -0.049692 0.530039 3.061425 1.000000 0.004211 0.269134 3.047926 1.000000 0.013099 0.037718 2.970405 1.000000 0.000046 -0.054827 2.957216 1.000000 -0.293207 0.140802 2.977510 1.000000 -0.345021 -0.383335 3.071781 1.000000 -0.369439 -0.762023 3.133856 1.000000 -0.406971 -0.824637 3.098032 1.000000 -0.139330 0.137544 2.997274 1.000000 -0.136394 -0.394583 3.094428 1.000000 -0.157077 -0.770738 3.174287 1.000000 -0.142911 -0.830120 3.096425 1.000000
6856414292 -0.217299 0.216338 2.994486 1.000000 -0.224634 0.283829 3.038855 1.000000 -0.223924 0.643481 3.019257 1.000000 -0.195070 0.832527 3.008750 1.000000 -0.392968 0.532978 3.009251 1.000000 -0.476033 0.293652 2.984617 1.000000 -0.455188 0.073669 2.853447 1.000000 -0.442965 -0.004882 2.842273 1.000000 -0.049687 0.530005 3.061440 1.000000 0.011946 0.288589 3.040583 1.000000 0.012670 0.050117 2.924841 1.000000 -0.005435 -0.047278 2.924664 1.000000 -0.293232 0.140784 2.977535 1.000000 -0.345082 -0.383541 3.071779 1.000000 -0.368894 -0.762259 3.133717 1.000000 -0.408742 -0.825994 3.088053 1.000000 -0.139502 0.137394 2.997487 1.000000 -0.136427 -0.395950 3.094554 1.000000 -0.157317 -0.771324 3.174434 1.000000 -0.142878 -0.830432 3.096393 1.000000
6856445952 -0.217329 0.216258 2.994575 1.000000 -0.224717 0.283695 3.038518 1.000000 -0.224524 0.643108 3.019736 1.000000 -0.194783 0.832035 3.009111 1.000000 -0.392710 0.533146 3.008862 1.000000 -0.480020 0.310558 2.979651 1.000000 -0.444824 0.100281 2.804379 1.000000 -0.431306 0.024914 2.792363 1.000000 -0.049660 0.530012 3.061453 1.000000 0.013891 0.290327 3.038650 1.000000 0.010277 0.088623 2.880551 1.000000 -0.010632 -0.013975 2.874863 1.000000 -0.293208 0.140708 2.977609 1.000000 -0.345073 -0.383236 3.071776 1.000000 -0.369027 -0.761051 3.130230 1.000000 -0.405679 -0.824315 3.101021 1.000000 -0.139493 0.137341 2.997537 1.000000 -0.136147 -0.394123 3.093906 1.000000 -0.157559 -0.771145 3.174370 1.000000 -0.143235 -0.828595 3.099170 1.000000
6856508703 -0.217152 0.216398 2.994833 1.000000 -0.224505 0.283744 3.038492 1.000000 -0.223908 0.643180 3.020880 1.000000 -0.195909 0.834484 3.018573 1.000000 -0.392555 0.533118 3.009017 1.000000 -0.482060 0.339791 2.958601 1.000000 -0.441650 0.197144 2.747739 1.000000 -0.415527 0.127075 2.695004 1.000000 -0.049178 0.529936 3.061714 1.000000 0.015558 0.326826 3.023173 1.000000 0.005552 0.152704 2.794766 1.000000 -0.019526 0.090123 2.756564 1.000000 -0.293145 0.140762 2.977628 1.000000 -0.344966 -0.382464 3.072022 1.000000 -0.369470 -0.760153 3.130576 1.000000 -0.401929 -0.821091 3.097777 1.000000 -0.139217 0.137359 2.997933 1.000000 -0.136226 -0.393737 3.093652 1.000000 -0.157414 -0.770733 3.174095 1.000000 -0.147223 -0.823979 3.113448 1.000000
6856563104 -0.217084 0.216392 2.994948 1.000000 -0.224443 0.283415 3.038728 1.000000 -0.223989 0.642562 3.023734 1.000000 -0.196608 0.833830 3.020653 1.000000 -0.392510 0.533136 3.009024 1.000000 -0.485467 0.354925 2.945036 1.000000 -0.451109 0.276399 2.745741 1.000000 -0.407227 0.227905 2.640316 1.000000 -0.049018 0.529984 3.061729 1.000000 0.033037 0.343129 2.994547 1.000000 0.000774 0.212323 2.739323 1.000000 -0.027376 0.167618 2.682624 1.000000 -0.293066 0.140690 2.977664 1.000000 -0.345037 -0.382540 3.071894 1.000000 -0.369446 -0.763763 3.132250 1.000000 -0.404306 -0.825123 3.088867 1.000000 -0.139121 0.137390 2.997920 1.000000 -0.136141 -0.393514 3.093468 1.000000 -0.157205 -0.771633 3.174030 1.000000 -0.146944 -0.824082 3.113251 1.000000
6856604364 -0.216964 0.216188 2.995241 1.000000 -0.224348 0.282765 3.039724 1.000000 -0.222658 0.643329 3.028357 1.000000 -0.195648 0.833163 3.019074 1.000000 -0.391746 0.532897 3.009052 1.000000 -0.503418 0.367432 2.898230 1.000000 -0.426480 0.319490 2.680320 1.000000 -0.399787 0.302857 2.609496 1.000000 -0.048989 0.530470 3.061958 1.000000 0.041386 0.358433 2.971783 1.000000 0.038889 0.295941 2.763488 1.000000 -0.001129 0.273926 2.671566 1.000000 -0.292945 0.140598 2.977823 1.000000 -0.345017 -0.382385 3.071759 1.000000 -0.370191 -0.762908 3.131304 1.000000 -0.400818 -0.821812 3.089105 1.000000 -0.139116 0.137385 2.997915 1.000000 -0.136062 -0.393393 3.093329 1.000000 -0.157377 -0.771660 3.174316 1.000000 -0.148819 -0.824487 3.119579 1.000000
6856635570 -0.216612 0.214779 2.996615 1.000000 -0.224075 0.280881 3.042468 1.000000 -0.221405 0.643412 3.034954 1.000000 -0.195220 0.831197 3.017951 1.000000 -0.390704 0.532215 3.008433 1.000000 -0.502476 0.368217 2.893203 1.000000 -0.421359 0.358856 2.671515 1.000000 -0.393220 0.355608 2.599389 1.000000 -0.049786 0.530306 3.061414 1.000000 0.066223 0.353271 2.927526 1.000000 0.025300 0.336469 2.714286 1.000000 -0.003766 0.328104 2.613906 1.000000 -0.292459 0.139805 2.978903 1.000000 -0.345012 -0.382395 3.071758 1.000000 -0.370846 -0.762455 3.132527 1.000000 -0.398056 -0.820256 3.092982 1.000000 -0.139103 0.137112 2.998099 1.000000 -0.135859 -0.393280 3.093465 1.000000 -0.157283 -0.771602 3.174379 1.000000 -0.149342 -0.824038 3.120766 1.000000
6856678162 -0.216344 0.214568 2.996978 1.000000 -0.223976 0.280635 3.043647 1.000000 -0.221600 0.643812 3.035676 1.000000 -0.195851 0.831913 3.019381 1.000000 -0.389740 0.532293 3.009169 1.000000 -0.500488 0.383789 2.841588 1.000000 -0.397999 0.417055 2.632133 1.000000 -0.363836 0.428144 2.566906 1.000000 -0.051380 0.534362 3.062164 1.000000 0.071848 0.351492 2.915323 1.000000 0.014791 0.370467 2.706283 1.000000 -0.019623 0.398438 2.612972 1.000000 -0.291842 0.139701 2.979177 1.000000 -0.344964 -0.381342 3.070757 1.000000 -0.368233 -0.757478 3.130529 1.000000 -0.398153 -0.819581 3.093979 1.000000 -0.139008 0.137169 2.998270 1.000000 -0.135462 -0.395178 3.094213 1.000000 -0.157206 -0.772068 3.174305 1.000000 -0.144437 -0.829430 3.094735 1.000000
6856711430 -0.215568 0.211707 2.997280 1.000000 -0.223773 0.278658 3.044736 1.000000 -0.221493 0.643989 3.036177 1.000000 -0.194134 0.832018 3.020843 1.000000 -0.385248 0.525874 3.008424 1.000000 -0.497212 0.399033 2.834749 1.000000 -0.379084 0.460323 2.641591 1.000000 -0.338127 0.481573 2.579394 1.000000 -0.053847 0.530869 3.062682 1.000000 0.070474 0.371847 2.890727 1.000000 0.021230 0.445547 2.692872 1.000000 -0.002251 0.436279 2.669612 1.000000 -0.290771 0.138011 2.979772 1.000000 -0.344894 -0.381202 3.070700 1.000000 -0.367931 -0.757634 3.130370 1.000000 -0.397954 -0.819002 3.094735 1.000000 -0.138795 0.136429 2.998011 1.000000 -0.134975 -0.392777 3.093551 1.000000 -0.157410 -0.771706 3.174636 1.000000 -0.143189 -0.830924 3.134164 1.000000
6856744399 -0.215333 0.200933 2.995334 1.000000 -0.220883 0.270609 3.044959 1.000000 -0.220687 0.643908 3.037707 1.000000 -0.194082 0.831401 3.020678 1.000000 -0.371063 0.510399 3.002516 1.000000 -0.482884 0.433732 2.811856 1.000000 -0.332520 0.527344 2.587580 1.000000 -0.274243 0.544772 2.539652 1.000000 -0.063098 0.504616 3.034154 1.000000 0.073303 0.418701 2.843540 1.000000 -0.009633 0.490636 2.657484 1.000000 -0.066561 0.517773 2.573818 1.000000 -0.289655 0.133736 2.979935 1.000000 -0.344882 -0.381227 3.070729 1.000000 -0.368815 -0.758630 3.130093 1.000000 -0.397918 -0.819012 3.094756 1.000000 -0.140282 0.129896 2.993517 1.000000 -0.134776 -0.393306 3.093976 1.000000 -0.157257 -0.772265 3.174525 1.000000 -0.145269 -0.826208 3.092444 1.000000
6856778180 -0.215404 0.204161 2.996115 1.000000 -0.220840 0.272653 3.046047 1.000000 -0.219919 0.645255 3.038206 1.000000 -0.195019 0.832374 3.019543 1.000000 -0.370852 0.514906 3.002774 1.000000 -0.479460 0.449700 2.806376 1.000000 -0.334077 0.541046 2.602526 1.000000 -0.236572 0.565918 2.589532 1.000000 -0.062920 0.509071 3.034294 1.000000 0.070322 0.442900 2.835120 1.000000 -0.059509 0.551270 2.626641 1.000000 -0.107532 0.576024 2.571193 1.000000 -0.289592 0.136644 2.979977 1.000000 -0.345215 -0.379801 3.069828 1.000000 -0.369779 -0.758883 3.130787 1.000000 -0.400908 -0.820668 3.097239 1.000000 -0.140638 0.133406 2.995017 1.000000 -0.134647 -0.391378 3.093005 1.000000 -0.157476 -0.771928 3.174618 1.000000 -0.145580 -0.822758 3.109543 1.000000
6856811521 -0.213894 0.215908 2.996836 1.000000 -0.220825 0.282329 3.047538 1.000000 -0.216578 0.653054 3.042619 1.000000 -0.194145 0.837650 3.015957 1.000000 -0.372984 0.537381 3.001865 1.000000 -0.475712 0.489032 2.793979 1.000000 -0.346070 0.569927 2.644679 1.000000 -0.253948 0.589588 2.598891 1.000000 -0.064522 0.544997 3.046500 1.000000 0.065393 0.467714 2.842653 1.000000 -0.057887 0.570242 2.639954 1.000000 -0.101169 0.595000 2.580738 1.000000 -0.287860 0.147605 2.979074 1.000000 -0.345715 -0.367350 3.065805 1.000000 -0.369947 -0.756889 3.130361 1.000000 -0.402451 -0.819031 3.099195 1.000000 -0.139681 0.145482 2.995774 1.000000 -0.134653 -0.391521 3.093013 1.000000 -0.157815 -0.772550 3.174982 1.000000 -0.144488 -0.824899 3.106001 1.000000
6856843531 -0.214589 0.216474 2.996699 1.000000 -0.221591 0.282626 3.047945 1.000000 -0.217590 0.653098 3.043561 1.000000 -0.191793 0.836818 3.016042 1.000000 -0.372595 0.546412 3.002506 1.000000 -0.471874 0.509216 2.793191 1.000000 -0.304810 0.615967 2.634451 1.000000 -0.210019 0.643846 2.599756 1.000000 -0.064947 0.543228 3.045686 1.000000 0.056580 0.524902 2.825955 1.000000 -0.040117 0.629893 2.666112 1.000000 -0.101694 0.666817 2.589881 1.000000 -0.288365 0.148605 2.978743 1.000000 -0.345775 -0.368098 3.066057 1.000000 -0.370506 -0.757167 3.130619 1.000000 -0.402099 -0.818831 3.099029 1.000000 -0.140579 0.145993 2.995481 1.000000 -0.134845 -0.391863 3.092621 1.000000 -0.158257 -0.773561 3.174775 1.000000 -0.145644 -0.828422 3.101837 1.000000
6856885280 -0.214241 0.216739 2.996643 1.000000 -0.221281 0.282497 3.048365 1.000000 -0.218330 0.652138 3.044808 1.000000 -0.186788 0.831115 3.007737 1.000000 -0.370917 0.551901 3.003468 1.000000 -0.449219 0.558594 2.781032 1.000000 -0.297607 0.671387 2.634450 1.000000 -0.259360 0.722076 2.590212 1.000000 -0.065918 0.544504 3.044186 1.000000 0.058312 0.558822 2.814372 1.000000 -0.066345 0.679199 2.648122 1.000000 -0.109630 0.711343 2.592601 1.000000 -0.285709 0.149624 2.977658 1.000000 -0.346055 -0.370909 3.066963 1.000000 -0.371468 -0.757796 3.131653 1.000000 -0.402001 -0.818832 3.098948 1.000000 -0.140606 0.146633 2.995607 1.000000 -0.134867 -0.391686 3.092356 1.000000 -0.158746 -0.774007 3.175411 1.000000 -0.148373 -0.827306 3.109593 1.000000
6856927235 -0.214144 0.217202 2.995611 1.000000 -0.221123 0.284121 3.047467 1.000000 -0.219182 0.663099 3.040827 1.000000 -0.182494 0.842204 3.006311 1.000000 -0.374931 0.556226 3.004107 1.000000 -0.461053 0.580205 2.782404 1.000000 -0.285645 0.731445 2.628591 1.000000 -0.243304 0.782503 2.588741 1.000000 -0.066021 0.545892 3.043890 1.000000 0.073536 0.575227 2.831951 1.000000 -0.015054 0.710329 2.693294 1.000000 -0.058332 0.742468 2.637781 1.000000 -0.286066 0.149520 2.975714 1.000000 -0.345895 -0.374494 3.067194 1.000000 -0.371504 -0.757767 3.131826 1.000000 -0.401288 -0.818211 3.099288 1.000000 -0.140354 0.146712 2.995358 1.000000 -0.135215 -0.393007 3.092498 1.000000 -0.159418 -0.775083 3.175435 1.000000 -0.144151 -0.830755 3.095094 1.000000
6856960015 -0.214475 0.219425 2.995090 1.000000 -0.221638 0.285791 3.047270 1.000000 -0.219576 0.662724 3.040574 1.000000 -0.182263 0.841906 3.006503 1.000000 -0.376751 0.555385 3.003126 1.000000 -0.466025 0.585664 2.785786 1.000000 -0.318875 0.766121 2.636296 1.000000 -0.273959 0.824649 2.613023 1.000000 -0.062304 0.548057 3.044613 1.000000 0.089209 0.609295 2.838649 1.000000 -0.016566 0.745155 2.695366 1.000000 -0.072998 0.798340 2.646168 1.000000 -0.287262 0.150726 2.974700 1.000000 -0.345882 -0.374563 3.066968 1.000000 -0.370813 -0.757656 3.131683 1.000000 -0.410602 -0.823484 3.098430 1.000000 -0.139990 0.147109 2.995358 1.000000 -0.134593 -0.394043 3.092609 1.000000 -0.159773 -0.776086 3.176969 1.000000 -0.143585 -0.830334 3.095818 1.000000
6856992825 -0.214900 0.221854 2.994188 1.000000 -0.221410 0.287110 3.046845 1.000000 -0.215865 0.656906 3.038303 1.000000 -0.189291 0.840491 3.010517 1.000000 -0.376762 0.555243 3.003137 1.000000 -0.478711 0.598940 2.788842 1.000000 -0.352430 0.793984 2.640050 1.000000 -0.312079 0.858142 2.624713 1.000000 -0.053527 0.545673 3.043680 1.000000 0.094396 0.615094 2.844198 1.000000 -0.001417 0.799316 2.696949 1.000000 -0.043986 0.852868 2.660894 1.000000 -0.288715 0.151674 2.973748 1.000000 -0.345620 -0.374971 3.066857 1.000000 -0.372362 -0.760648 3.132435 1.000000 -0.415224 -0.831355 3.090188 1.000000 -0.140057 0.148071 2.994813 1.000000 -0.134287 -0.392908 3.091702 1.000000 -0.159600 -0.775617 3.176824 1.000000 -0.143765 -0.827459 3.100660 1.000000
6857025582 -0.215197 0.222637 2.993462 1.000000 -0.221437 0.287908 3.046187 1.000000 -0.217291 0.655667 3.035962 1.000000 -0.191986 0.841245 3.013144 1.000000 -0.376376 0.555724 3.003162 1.000000 -0.493159 0.618971 2.788842 1.000000 -0.392603 0.815758 2.651681 1.000000 -0.350586 0.891113 2.626636 1.000000 -0.050659 0.544777 3.041137 1.000000 0.111594 0.630627 2.858060 1.000000 0.055176 0.798340 2.732105 1.000000 0.001012 0.876301 2.688080 1.000000 -0.288965 0.152063 2.973483 1.000000 -0.345345 -0.375049 3.066930 1.000000 -0.372320 -0.760384 3.132602 1.000000 -0.407547 -0.825635 3.094396 1.000000 -0.140176 0.148347 2.994044 1.000000 -0.134286 -0.392589 3.091241 1.000000 -0.158986 -0.775277 3.176414 1.000000 -0.145157 -0.827393 3.102478 1.000000
6857067152 -0.215377 0.222860 2.992912 1.000000 -0.221676 0.288376 3.045499 1.000000 -0.217577 0.653681 3.032115 1.000000 -0.192430 0.840538 3.013000 1.000000 -0.376218 0.556335 3.002962 1.000000 -0.503554 0.627635 2.793000 1.000000 -0.428845 0.864785 2.658915 1.000000 -0.403270 0.936943 2.647954 1.000000 -0.049009 0.547001 3.041444 1.000000 0.134385 0.631250 2.887731 1.000000 0.076730 0.863783 2.736478 1.000000 0.042392 0.922912 2.700344 1.000000 -0.289071 0.152149 2.973246 1.000000 -0.345368 -0.376945 3.067105 1.000000 -0.373130 -0.761221 3.134765 1.000000 -0.404283 -0.823060 3.097995 1.000000 -0.140443 0.148165 2.993600 1.000000 -0.134115 -0.393365 3.090703 1.000000 -0.158922 -0.775223 3.176239 1.000000 -0.143412 -0.829735 3.095106 1.000000
6857109602 -0.215912 0.224777 2.990944 1.000000 -0.222708 0.289917 3.043444 1.000000 -0.217968 0.652907 3.029488 1.000000 -0.190831 0.838504 3.007283 1.000000 -0.377118 0.557153 3.001525 1.000000 -0.542680 0.631387 2.799753 1.000000 -0.516832 0.811859 2.694079 1.000000 -0.487653 0.908295 2.665935 1.000000 -0.046180 0.551869 3.044607 1.000000 0.146272 0.633830 2.904557 1.000000 0.139078 0.882312 2.770342 1.000000 0.111398 0.946468 2.737230 1.000000 -0.289797 0.153027 2.971850 1.000000 -0.344731 -0.377981 3.066911 1.000000 -0.373297 -0.761794 3.133875 1.000000 -0.403989 -0.824051 3.098503 1.000000 -0.140701 0.148922 2.991959 1.000000 -0.134093 -0.393378 3.090477 1.000000 -0.158468 -0.774615 3.175900 1.000000 -0.148513 -0.827558 3.113547 1.000000
6857142142 -0.216281 0.226875 2.989067 1.000000 -0.223122 0.291858 3.041075 1.000000 -0.218985 0.650621 3.023666 1.000000 -0.190584 0.838053 3.007607 1.000000 -0.377910 0.558806 2.999730 1.000000 -0.559808 0.629352 2.801378 1.000000 -0.556378 0.812241 2.688011 1.000000 -0.544581 0.911845 2.658257 1.000000 -0.042118 0.551979 3.043404 1.000000 0.176946 0.640433 2.922403 1.000000 0.194580 0.845215 2.818043 1.000000 0.185425 0.925781 2.788746 1.000000 -0.290464 0.153823 2.971246 1.000000 -0.344672 -0.375721 3.065281 1.000000 -0.373384 -0.760288 3.133293 1.000000 -0.412497 -0.825860 3.076097 1.000000 -0.140446 0.149695 2.989664 1.000000 -0.133514 -0.392521 3.090006 1.000000 -0.158129 -0.772235 3.174933 1.000000 -0.149299 -0.825902 3.116513 1.000000
6857173679 -0.216503 0.227773 2.987892 1.000000 -0.223038 0.292910 3.039244 1.000000 -0.217851 0.650170 3.020345 1.000000 -0.189867 0.837721 3.004304 1.000000 -0.379356 0.559894 2.998439 1.000000 -0.578933 0.617875 2.810287 1.000000 -0.602409 0.791099 2.690946 1.000000 -0.607967 0.888571 2.653325 1.000000 -0.037108 0.549391 3.041731 1.000000 0.188592 0.621562 2.943124 1.000000 0.246460 0.847656 2.827808 1.000000 0.247396 0.922548 2.808550 1.000000 -0.291511 0.154133 2.970422 1.000000 -0.344618 -0.375654 3.065219 1.000000 -0.373405 -0.760259 3.133147 1.000000 -0.406412 -0.822472 3.085463 1.000000 -0.140281 0.149336 2.988373 1.000000 -0.133526 -0.392527 3.089992 1.000000 -0.158047 -0.772259 3.174379 1.000000 -0.149045 -0.825839 3.116201 1.000000
6857215241 -0.216470 0.228431 2.986932 1.000000 -0.223062 0.293510 3.037716 1.000000 -0.217978 0.649548 3.018562 1.000000 -0.188944 0.835788 2.998720 1.000000 -0.380350 0.560498 2.997624 1.000000 -0.589355 0.571777 2.843530 1.000000 -0.649902 0.759277 2.694996 1.000000 -0.656853 0.830272 2.665208 1.000000 -0.034517 0.548576 3.041894 1.000000 0.191650 0.580078 2.972436 1.000000 0.288765 0.812382 2.844925 1.000000 0.307760 0.884205 2.823556 1.000000 -0.292003 0.154183 2.969590 1.000000 -0.344576 -0.375882 3.064635 1.000000 -0.373945 -0.760650 3.132551 1.000000 -0.404301 -0.821797 3.089816 1.000000 -0.139728 0.149095 2.987376 1.000000 -0.133913 -0.392362 3.089456 1.000000 -0.157958 -0.772240 3.174593 1.000000 -0.148855 -0.825727 3.117689 1.000000
6857249625 -0.215819 0.228883 2.985083 1.000000 -0.222368 0.294066 3.034739 1.000000 -0.217991 0.647590 3.013599 1.000000 -0.188051 0.834673 2.996721 1.000000 -0.380859 0.560265 2.997133 1.000000 -0.597216 0.567271 2.845206 1.000000 -0.694824 0.705078 2.714527 1.000000 -0.723633 0.786621 2.677417 1.000000 -0.033061 0.547720 3.041632 1.000000 0.203995 0.557766 2.984140 1.000000 0.331543 0.719727 2.870777 1.000000 0.364502 0.813477 2.851245 1.000000 -0.291900 0.153748 2.967488 1.000000 -0.344555 -0.375960 3.064474 1.000000 -0.373233 -0.759868 3.132846 1.000000 -0.402850 -0.821017 3.097467 1.000000 -0.138434 0.148771 2.986046 1.000000 -0.133448 -0.391965 3.088576 1.000000 -0.158115 -0.772599 3.174302 1.000000 -0.148949 -0.825275 3.122154 1.000000
6857282496 -0.215532 0.229044 2.984419 1.000000 -0.222214 0.294563 3.032662 1.000000 -0.217104 0.646059 3.009279 1.000000 -0.188344 0.833954 2.994317 1.000000 -0.381569 0.559395 2.996194 1.000000 -0.590332 0.505859 2.896263 1.000000 -0.734375 0.654297 2.726245 1.000000 -0.774398 0.708241 2.687962 1.000000 -0.031381 0.546575 3.043707 1.000000 0.191895 0.512695 3.015404 1.000000 0.380717 0.682211 2.892392 1.000000 0.412233 0.750093 2.872997 1.000000 -0.291969 0.153392 2.966482 1.000000 -0.344346 -0.376627 3.063866 1.000000 -0.373198 -0.759864 3.132911 1.000000 -0.402726 -0.820791 3.097464 1.000000 -0.137952 0.148481 2.985972 1.000000 -0.133359 -0.391887 3.088348 1.000000 -0.157759 -0.772988 3.174230 1.000000 -0.149064 -0.825115 3.122197 1.000000
6857315670 -0.215088 0.228679 2.983681 1.000000 -0.222033 0.294229 3.030900 1.000000 -0.216975 0.645870 3.008546 1.000000 -0.189521 0.833025 2.990390 1.000000 -0.382620 0.556830 2.993933 1.000000 -0.599062 0.489153 2.898671 1.000000 -0.763672 0.583496 2.720385 1.000000 -0.810461 0.630863 2.681105 1.000000 -0.031467 0.545394 3.044476 1.000000 0.192716 0.488062 3.028541 1.000000 0.378906 0.573486 2.922534 1.000000 0.450195 0.634766 2.890307 1.000000 -0.291641 0.152641 2.965196 1.000000 -0.344156 -0.377199 3.063031 1.000000 -0.372981 -0.758999 3.133786 1.000000 -0.413219 -0.824462 3.085042 1.000000 -0.137217 0.147683 2.985723 1.000000 -0.133403 -0.391758 3.087849 1.000000 -0.157784 -0.772987 3.174214 1.000000 -0.149107 -0.824723 3.122076 1.000000
6857349408 -0.214751 0.227461 2.982657 1.000000 -0.221734 0.293238 3.028820 1.000000 -0.216496 0.645519 3.006800 1.000000 -0.186757 0.832252 2.988832 1.000000 -0.382665 0.554495 2.992480 1.000000 -0.582031 0.443848 2.931418 1.000000 -0.738260 0.465564 2.788000 1.000000 -0.791950 0.484851 2.735874 1.000000 -0.032123 0.543738 3.044457 1.000000 0.180056 0.450638 3.041495 1.000000 0.402344 0.501465 2.931322 1.000000 0.466760 0.538526 2.910144 1.000000 -0.291570 0.151236 2.963950 1.000000 -0.343853 -0.378461 3.063173 1.000000 -0.373329 -0.759493 3.134804 1.000000 -0.404415 -0.821357 3.100827 1.000000 -0.136816 0.146521 2.985456 1.000000 -0.133147 -0.391156 3.087265 1.000000 -0.157688 -0.772580 3.174158 1.000000 -0.149171 -0.824676 3.122515 1.000000
6857382441 -0.214597 0.227232 2.982470 1.000000 -0.221640 0.293192 3.027547 1.000000 -0.216992 0.645032 3.004953 1.000000 -0.186136 0.831913 2.987909 1.000000 -0.383286 0.552184 2.992296 1.000000 -0.572220 0.425169 2.952549 1.000000 -0.722168 0.395752 2.796556 1.000000 -0.780837 0.396101 2.746269 1.000000 -0.032201 0.541961 3.045654 1.000000 0.159180 0.403564 3.050558 1.000000 0.405273 0.408691 2.937181 1.000000 0.478509 0.419154 2.914862 1.000000 -0.291438 0.150429 2.963202 1.000000 -0.343875 -0.378608 3.063212 1.000000 -0.373005 -0.760289 3.132640 1.000000 -0.403394 -0.820866 3.101551 1.000000 -0.136190 0.145835 2.986132 1.000000 -0.133127 -0.390929 3.086915 1.000000 -0.157462 -0.772160 3.173896 1.000000 -0.149171 -0.824269 3.122361 1.000000
6857415433 -0.214231 0.226368 2.982210 1.000000 -0.221555 0.292608 3.026384 1.000000 -0.217131 0.645031 3.004673 1.000000 -0.185373 0.831931 2.988020 1.000000 -0.384093 0.545796 2.990635 1.000000 -0.570921 0.385966 2.967169 1.000000 -0.717285 0.312500 2.792650 1.000000 -0.772035 0.294939 2.740999 1.000000 -0.031873 0.540918 3.046824 1.000000 0.137731 0.382882 3.058218 1.000000 0.324086 0.324911 2.984486 1.000000 0.421288 0.307089 2.950298 1.000000 -0.291056 0.148630 2.962283 1.000000 -0.343930 -0.379776 3.063320 1.000000 -0.375368 -0.764822 3.133250 1.000000 -0.424238 -0.837537 3.094124 1.000000 -0.135373 0.144421 2.986722 1.000000 -0.133777 -0.392961 3.087415 1.000000 -0.157280 -0.772388 3.173709 1.000000 -0.145471 -0.830624 3.099811 1.000000
6857449455 -0.213439 0.225197 2.981858 1.000000 -0.220886 0.291669 3.025254 1.000000 -0.217216 0.644825 3.004399 1.000000 -0.185650 0.832148 2.988867 1.000000 -0.384243 0.543305 2.990861 1.000000 -0.553601 0.364354 2.980483 1.000000 -0.678711 0.238281 2.827806 1.000000 -0.745359 0.197592 2.758260 1.000000 -0.031495 0.537701 3.047197 1.000000 0.119613 0.354285 3.056736 1.000000 0.291099 0.255414 2.992931 1.000000 0.387079 0.219614 2.971945 1.000000 -0.290246 0.146839 2.960884 1.000000 -0.344172 -0.380433 3.063156 1.000000 -0.375867 -0.765836 3.135908 1.000000 -0.422034 -0.837277 3.085742 1.000000 -0.133761 0.142392 2.987709 1.000000 -0.133664 -0.393380 3.087408 1.000000 -0.157275 -0.772434 3.173384 1.000000 -0.145181 -0.830371 3.096837 1.000000
6857482241 -0.212784 0.222405 2.981133 1.000000 -0.220577 0.289402 3.023885 1.000000 -0.217346 0.644527 3.004123 1.000000 -0.184842 0.831804 2.988819 1.000000 -0.383885 0.538786 2.990509 1.000000 -0.537802 0.337156 2.981844 1.000000 -0.631348 0.164673 2.841478 1.000000 -0.668945 0.112793 2.794603 1.000000 -0.032680 0.530188 3.048391 1.000000 0.098686 0.335605 3.056497 1.000000 0.282715 0.174194 2.991869 1.000000 0.359131 0.121826 2.966478 1.000000 -0.289691 0.144812 2.960371 1.000000 -0.344159 -0.380706 3.063066 1.000000 -0.375443 -0.764547 3.131201 1.000000 -0.421954 -0.837591 3.087665 1.000000 -0.133140 0.139985 2.987296 1.000000 -0.133648 -0.394363 3.087400 1.000000 -0.157354 -0.772270 3.173070 1.000000 -0.145302 -0.830180 3.096556 1.000000
6857515366 -0.212168 0.220997 2.980910 1.000000 -0.220122 0.288239 3.023119 1.000000 -0.217389 0.644397 3.004082 1.000000 -0.184838 0.831883 2.989343 1.000000 -0.383266 0.536114 2.989357 1.000000 -0.516977 0.317595 2.982112 1.000000 -0.573730 0.134399 2.861009 1.000000 -0.593750 0.067566 2.810228 1.000000 -0.033021 0.529186 3.048085 1.000000 0.079365 0.310936 3.056434 1.000000 0.232056 0.122131 2.993822 1.000000 0.296143 0.050049 2.958666 1.000000 -0.288987 0.143397 2.960187 1.000000 -0.343996 -0.382326 3.062865 1.000000 -0.375537 -0.764828 3.131510 1.000000 -0.418917 -0.834512 3.081652 1.000000 -0.132659 0.139223 2.987211 1.000000 -0.133619 -0.393619 3.087148 1.000000 -0.157659 -0.771653 3.172901 1.000000 -0.144554 -0.825009 3.101285 1.000000
6857549352 -0.211362 0.219679 2.980736 1.000000 -0.219500 0.287130 3.022455 1.000000 -0.217332 0.644275 3.004044 1.000000 -0.185114 0.833549 2.995347 1.000000 -0.382667 0.534532 2.988675 1.000000 -0.491426 0.303397 2.979184 1.000000 -0.519043 0.111572 2.868822 1.000000 -0.529785 0.024078 2.825853 1.000000 -0.033993 0.528844 3.048402 1.000000 0.054413 0.292439 3.051777 1.000000 0.177856 0.077026 2.974291 1.000000 0.219083 0.014629 2.954826 1.000000 -0.287851 0.142302 2.959698 1.000000 -0.343979 -0.382570 3.062940 1.000000 -0.374383 -0.762720 3.130880 1.000000 -0.405571 -0.822713 3.093209 1.000000 -0.132222 0.138534 2.987422 1.000000 -0.133566 -0.394351 3.087173 1.000000 -0.157711 -0.771868 3.173108 1.000000 -0.143937 -0.829015 3.093518 1.000000
6857582380 -0.210848 0.218269 2.980500 1.000000 -0.218939 0.285961 3.021903 1.000000 -0.217143 0.644157 3.004133 1.000000 -0.183851 0.833444 2.996028 1.000000 -0.382163 0.533337 2.988194 1.000000 -0.468793 0.300303 2.981226 1.000000 -0.464600 0.100037 2.857103 1.000000 -0.458008 0.007668 2.825853 1.000000 -0.035674 0.528931 3.047628 1.000000 0.037006 0.289521 3.047512 1.000000 0.116638 0.069824 2.941088 1.000000 0.147583 -0.008583 2.909838 1.000000 -0.287055 0.141212 2.959550 1.000000 -0.343921 -0.382732 3.062999 1.000000 -0.372361 -0.761574 3.129455 1.000000 -0.402688 -0.820266 3.092205 1.000000 -0.132163 0.138113 2.987270 1.000000 -0.133472 -0.393396 3.086618 1.000000 -0.157318 -0.770760 3.173184 1.000000 -0.143177 -0.823745 3.111718 1.000000
6857616278 -0.210539 0.217478 2.980255 1.000000 -0.218796 0.285292 3.021373 1.000000 -0.217072 0.644108 3.004187 1.000000 -0.183807 0.833390 2.995856 1.000000 -0.381484 0.532784 2.987866 1.000000 -0.445440 0.285674 2.973080 1.000000 -0.426732 0.102164 2.858805 1.000000 -0.408447 0.028534 2.821947 1.000000 -0.036749 0.528996 3.048789 1.000000 0.019123 0.281602 3.041983 1.000000 0.061676 0.082764 2.915697 1.000000 0.076774 -0.007008 2.864238 1.000000 -0.286498 0.140704 2.959349 1.000000 -0.343824 -0.382805 3.062792 1.000000 -0.372063 -0.759312 3.127897 1.000000 -0.402986 -0.820781 3.097980 1.000000 -0.132146 0.137842 2.987090 1.000000 -0.133426 -0.393354 3.086570 1.000000 -0.157147 -0.770684 3.173211 1.000000 -0.144691 -0.823012 3.113255 1.000000
6857649275 -0.209994 0.217016 2.979667 1.000000 -0.218452 0.284861 3.020683 1.000000 -0.216971 0.644105 3.004241 1.000000 -0.182560 0.834377 3.000557 1.000000 -0.379932 0.532859 2.987494 1.000000 -0.443578 0.288474 2.971863 1.000000 -0.395411 0.114176 2.854190 1.000000 -0.372531 0.051915 2.814492 1.000000 -0.036984 0.529682 3.049571 1.000000 0.007029 0.276628 3.039351 1.000000 0.010809 0.101266 2.920876 1.000000 0.012282 0.023228 2.851262 1.000000 -0.285352 0.140427 2.958182 1.000000 -0.343948 -0.383358 3.062912 1.000000 -0.373148 -0.760346 3.128383 1.000000 -0.419148 -0.835255 3.082978 1.000000 -0.131938 0.137681 2.986770 1.000000 -0.134178 -0.394540 3.087419 1.000000 -0.157307 -0.771267 3.173036 1.000000 -0.145356 -0.827767 3.106959 1.000000
6857682324 -0.209418 0.216677 2.978893 1.000000 -0.218067 0.284467 3.019840 1.000000 -0.216579 0.644011 3.004162 1.000000 -0.181889 0.834370 3.001566 1.000000 -0.378837 0.533212 2.987232 1.000000 -0.438928 0.296138 2.965762 1.000000 -0.373617 0.140599 2.836775 1.000000 -0.354942 0.091865 2.812840 1.000000 -0.036871 0.530134 3.051078 1.000000 -0.001339 0.284759 3.039104 1.000000 -0.004423 0.119641 2.905088 1.000000 -0.021102 0.043051 2.835793 1.000000 -0.284510 0.140312 2.957246 1.000000 -0.343897 -0.383905 3.063248 1.000000 -0.373536 -0.760199 3.129229 1.000000 -0.405520 -0.825937 3.103025 1.000000 -0.131615 0.137480 2.985991 1.000000 -0.134436 -0.395010 3.087621 1.000000 -0.157311 -0.770820 3.172679 1.000000 -0.145820 -0.827548 3.105078 1.000000
6857716294 -0.209146 0.216247 2.978326 1.000000 -0.217828 0.284007 3.019238 1.000000 -0.215981 0.643793 3.004072 1.000000 -0.180938 0.834248 3.002686 1.000000 -0.377527 0.533722 2.986639 1.000000 -0.431442 0.308513 2.958440 1.000000 -0.368410 0.151407 2.830323 1.000000 -0.333496 0.123230 2.769213 1.000000 -0.037209 0.530063 3.051172 1.000000 -0.005683 0.290975 3.035821 1.000000 -0.010988 0.133101 2.892520 1.000000 -0.034612 0.075698 2.808306 1.000000 -0.284106 0.140277 2.956813 1.000000 -0.343974 -0.383487 3.063310 1.000000 -0.373449 -0.759570 3.128933 1.000000 -0.403198 -0.822565 3.100711 1.000000 -0.131682 0.137293 2.985318 1.000000 -0.134870 -0.393772 3.087897 1.000000 -0.157328 -0.770831 3.172501 1.000000 -0.145838 -0.825789 3.110339 1.000000
6857749226 -0.209181 0.215983 2.978281 1.000000 -0.217789 0.283716 3.019208 1.000000 -0.215314 0.643510 3.004487 1.000000 -0.180334 0.834186 3.004575 1.000000 -0.376731 0.534263 2.986794 1.000000 -0.431724 0.309560 2.957503 1.000000 -0.376334 0.179497 2.796288 1.000000 -0.304855 0.124624 2.743148 1.000000 -0.037204 0.529849 3.051111 1.000000 -0.006711 0.306284 3.035331 1.000000 -0.023090 0.147704 2.893855 1.000000 -0.059402 0.102780 2.801361 1.000000 -0.284101 0.140268 2.956810 1.000000 -0.344022 -0.383675 3.063349 1.000000 -0.374724 -0.761213 3.130701 1.000000 -0.402546 -0.821804 3.099865 1.000000 -0.132063 0.136842 2.985114 1.000000 -0.135385 -0.394459 3.088368 1.000000 -0.157912 -0.770087 3.173727 1.000000 -0.144851 -0.825539 3.092853 1.000000
6857782344 -0.209139 0.215576 2.978206 1.000000 -0.217782 0.283371 3.019316 1.000000 -0.214629 0.644101 3.005631 1.000000 -0.180117 0.834708 3.005544 1.000000 -0.375492 0.534728 2.986950 1.000000 -0.434996 0.315007 2.950372 1.000000 -0.371325 0.181582 2.795671 1.000000 -0.301933 0.128518 2.738122 1.000000 -0.037615 0.530168 3.051451 1.000000 -0.005880 0.308843 3.032488 1.000000 -0.031638 0.154519 2.887424 1.000000 -0.068486 0.124664 2.790874 1.000000 -0.283910 0.140230 2.956881 1.000000 -0.344198 -0.383755 3.063535 1.000000 -0.374983 -0.759835 3.133701 1.000000 -0.401430 -0.820769 3.100898 1.000000 -0.132458 0.136587 2.984603 1.000000 -0.135444 -0.395558 3.089168 1.000000 -0.157888 -0.770096 3.173725 1.000000 -0.145387 -0.824890 3.092306 1.000000
6857816336 -0.208730 0.215354 2.978408 1.000000 -0.217500 0.283093 3.019802 1.000000 -0.213831 0.644725 3.007024 1.000000 -0.177608 0.835072 3.007726 1.000000 -0.374596 0.534919 2.987059 1.000000 -0.435773 0.316191 2.948321 1.000000 -0.370612 0.182832 2.794268 1.000000 -0.309710 0.137681 2.722198 1.000000 -0.038000 0.531024 3.052585 1.000000 -0.004892 0.310435 3.030248 1.000000 -0.044708 0.183945 2.861156 1.000000 -0.074008 0.131580 2.775475 1.000000 -0.282793 0.140435 2.957664 1.000000 -0.344251 -0.382044 3.063607 1.000000 -0.372661 -0.757858 3.132934 1.000000 -0.401117 -0.820553 3.100763 1.000000 -0.132401 0.136585 2.984525 1.000000 -0.135343 -0.395638 3.089518 1.000000 -0.157785 -0.770405 3.173716 1.000000 -0.145311 -0.825019 3.092160 1.000000
6857849313 -0.208252 0.215281 2.978514 1.000000 -0.216959 0.282954 3.020219 1.000000 -0.213081 0.644765 3.007597 1.000000 -0.175791 0.835369 3.011127 1.000000 -0.373256 0.535653 2.988375 1.000000 -0.435550 0.320145 2.945486 1.000000 -0.370544 0.185851 2.792284 1.000000 -0.317608 0.139122 2.715116 1.000000 -0.037658 0.531623 3.053380 1.000000 -0.004993 0.312307 3.030021 1.000000 -0.044722 0.185120 2.861504 1.000000 -0.073844 0.141454 2.778038 1.000000 -0.281972 0.140595 2.957856 1.000000 -0.344316 -0.382180 3.063991 1.000000 -0.372634 -0.760294 3.135422 1.000000 -0.402044 -0.820638 3.094913 1.000000 -0.132256 0.136594 2.984490 1.000000 -0.135269 -0.395832 3.089640 1.000000 -0.157612 -0.770353 3.173711 1.000000 -0.145817 -0.825194 3.092193 1.000000
6857882555 -0.208171 0.215120 2.978448 1.000000 -0.216862 0.282723 3.020417 1.000000 -0.212594 0.644473 3.007777 1.000000 -0.175757 0.835404 3.013134 1.000000 -0.372835 0.535864 2.988732 1.000000 -0.436038 0.320818 2.945174 1.000000 -0.354248 0.185913 2.755544 1.000000 -0.302291 0.146374 2.714173 1.000000 -0.037747 0.531773 3.053580 1.000000 -0.004702 0.313109 3.028309 1.000000 -0.044516 0.187603 2.858474 1.000000 -0.076195 0.144328 2.771640 1.000000 -0.281888 0.140589 2.957865 1.000000 -0.344335 -0.382141 3.063990 1.000000 -0.372848 -0.760411 3.135190 1.000000 -0.401588 -0.820361 3.097113 1.000000 -0.132348 0.136482 2.984203 1.000000 -0.135150 -0.395931 3.089740 1.000000 -0.158024 -0.772144 3.172909 1.000000 -0.145948 -0.828628 3.092552 1.000000
6857916244 -0.208189 0.215141 2.978526 1.000000 -0.216844 0.282633 3.020908 1.000000 -0.212281 0.644709 3.008910 1.000000 -0.176625 0.835822 3.014637 1.000000 -0.371803 0.536270 2.989981 1.000000 -0.438057 0.323023 2.946669 1.000000 -0.378680 0.186543 2.793142 1.000000 -0.328010 0.134825 2.717693 1.000000 -0.037579 0.531817 3.054013 1.000000 -0.004565 0.314297 3.028744 1.000000 -0.044596 0.188024 2.858827 1.000000 -0.076588 0.144458 2.771597 1.000000 -0.281890 0.140851 2.958190 1.000000 -0.344271 -0.382102 3.064082 1.000000 -0.372645 -0.759602 3.134842 1.000000 -0.401228 -0.820288 3.097949 1.000000 -0.132501 0.136598 2.984085 1.000000 -0.135037 -0.395355 3.089470 1.000000 -0.157966 -0.772197 3.172938 1.000000 -0.146095 -0.827320 3.096450 1.000000
6857949207 -0.208283 0.215050 2.978664 1.000000 -0.216832 0.282207 3.021729 1.000000 -0.212148 0.643819 3.011112 1.000000 -0.175949 0.834844 3.017508 1.000000 -0.372189 0.536053 2.991833 1.000000 -0.438497 0.322846 2.947554 1.000000 -0.378822 0.186100 2.794446 1.000000 -0.330829 0.130056 2.720358 1.000000 -0.037424 0.531721 3.054381 1.000000 -0.004868 0.315622 3.029919 1.000000 -0.045329 0.188052 2.859390 1.000000 -0.076570 0.144332 2.771866 1.000000 -0.282040 0.140816 2.958387 1.000000 -0.344603 -0.383072 3.064658 1.000000 -0.372037 -0.759264 3.134568 1.000000 -0.400943 -0.820132 3.097909 1.000000 -0.132668 0.136439 2.983927 1.000000 -0.135352 -0.395559 3.089458 1.000000 -0.157887 -0.772487 3.173431 1.000000 -0.144090 -0.829973 3.094063 1.000000
6857983190 -0.208517 0.215025 2.978755 1.000000 -0.216914 0.282094 3.022343 1.000000 -0.211969 0.643705 3.011479 1.000000 -0.177033 0.835114 3.019341 1.000000 -0.372263 0.536658 2.993763 1.000000 -0.439408 0.322917 2.948858 1.000000 -0.380655 0.183454 2.798106 1.000000 -0.334339 0.128060 2.722486 1.000000 -0.037638 0.531841 3.055058 1.000000 -0.004980 0.316286 3.030051 1.000000 -0.045731 0.183694 2.856039 1.000000 -0.076221 0.142362 2.772119 1.000000 -0.282416 0.141036 2.958625 1.000000 -0.344666 -0.383110 3.064629 1.000000 -0.371922 -0.758864 3.133280 1.000000 -0.400936 -0.819931 3.098521 1.000000 -0.133244 0.136368 2.983697 1.000000 -0.135391 -0.395600 3.089539 1.000000 -0.157892 -0.772718 3.173443 1.000000 -0.140793 -0.825615 3.091550 1.000000
6858016172 -0.208751 0.215112 2.978842 1.000000 -0.217193 0.282014 3.022944 1.000000 -0.212482 0.643244 3.011946 1.000000 -0.177732 0.834452 3.019068 1.000000 -0.372702 0.536546 2.994180 1.000000 -0.439821 0.322480 2.950906 1.000000 -0.381586 0.183760 2.799214 1.000000 -0.335931 0.127075 2.724159 1.000000 -0.037614 0.531771 3.055252 1.000000 -0.005113 0.316294 3.029847 1.000000 -0.036953 0.171420 2.875882 1.000000 -0.075907 0.141857 2.772466 1.000000 -0.282750 0.141115 2.958808 1.000000 -0.344631 -0.383052 3.064603 1.000000 -0.372019 -0.758482 3.134362 1.000000 -0.400822 -0.819950 3.098467 1.000000 -0.133419 0.136447 2.983548 1.000000 -0.135343 -0.395523 3.089530 1.000000 -0.157728 -0.772733 3.173583 1.000000 -0.147863 -0.827070 3.105978 1.000000
6858049285 -0.208913 0.215162 2.979162 1.000000 -0.217390 0.281962 3.023882 1.000000 -0.212506 0.643580 3.012993 1.000000 -0.178322 0.834501 3.018559 1.000000 -0.373044 0.536016 2.994590 1.000000 -0.439929 0.322205 2.951657 1.000000 -0.381906 0.182806 2.800594 1.000000 -0.336754 0.125926 2.725390 1.000000 -0.037788 0.531769 3.055459 1.000000 -0.005006 0.316306 3.030377 1.000000 -0.037340 0.172416 2.875546 1.000000 -0.075939 0.141138 2.773501 1.000000 -0.282988 0.141243 2.959265 1.000000 -0.344651 -0.383002 3.064580 1.000000 -0.370874 -0.757781 3.132202 1.000000 -0.400292 -0.819428 3.098081 1.000000 -0.133525 0.136502 2.983585 1.000000 -0.135290 -0.395490 3.089608 1.000000 -0.157658 -0.772342 3.173769 1.000000 -0.149215 -0.825000 3.114920 1.000000
6858083370 -0.208949 0.215362 2.979204 1.000000 -0.217491 0.282057 3.024406 1.000000 -0.212783 0.643700 3.013168 1.000000 -0.178591 0.834611 3.019258 1.000000 -0.373638 0.535593 2.994964 1.000000 -0.440501 0.323354 2.953038 1.000000 -0.381872 0.181516 2.804795 1.000000 -0.337388 0.124082 2.729623 1.000000 -0.037812 0.532632 3.055815 1.000000 -0.005039 0.316690 3.030627 1.000000 -0.056422 0.188784 2.841417 1.000000 -0.076033 0.139965 2.774456 1.000000 -0.283059 0.141356 2.959335 1.000000 -0.344833 -0.382403 3.064271 1.000000 -0.370123 -0.757259 3.130868 1.000000 -0.400258 -0.819804 3.098025 1.000000 -0.133431 0.136782 2.983407 1.000000 -0.135131 -0.394564 3.089291 1.000000 -0.157642 -0.772226 3.173421 1.000000 -0.148825 -0.824227 3.116377 1.000000
6858116259 -0.209066 0.215305 2.979391 1.000000 -0.217648 0.281982 3.025010 1.000000 -0.212933 0.643824 3.013300 1.000000 -0.182985 0.835258 3.018948 1.000000 -0.373796 0.535216 2.995214 1.000000 -0.440081 0.322073 2.952691 1.000000 -0.381522 0.180395 2.804281 1.000000 -0.337262 0.123178 2.728820 1.000000 -0.038217 0.532825 3.055843 1.000000 -0.004439 0.316944 3.031579 1.000000 -0.038720 0.176051 2.874269 1.000000 -0.075879 0.139410 2.775034 1.000000 -0.283200 0.141306 2.959673 1.000000 -0.344966 -0.381608 3.065113 1.000000 -0.369992 -0.756917 3.131023 1.000000 -0.400054 -0.819210 3.097040 1.000000 -0.133505 0.136821 2.983445 1.000000 -0.135212 -0.394588 3.089393 1.000000 -0.157797 -0.772368 3.173434 1.000000 -0.147233 -0.824465 3.118918 1.000000
6858150204 -0.209295 0.215342 2.979611 1.000000 -0.217857 0.281964 3.025548 1.000000 -0.213114 0.643711 3.013291 1.000000 -0.184380 0.834465 3.015047 1.000000 -0.375025 0.534237 2.995631 1.000000 -0.440471 0.320739 2.953059 1.000000 -0.374731 0.180079 2.806952 1.000000 -0.333068 0.125631 2.728051 1.000000 -0.038695 0.533355 3.056118 1.000000 -0.005101 0.317592 3.032420 1.000000 -0.037681 0.177096 2.874360 1.000000 -0.074809 0.137613 2.779237 1.000000 -0.283569 0.141231 2.960268 1.000000 -0.344815 -0.381758 3.065323 1.000000 -0.368401 -0.758574 3.132277 1.000000 -0.400357 -0.819231 3.098422 1.000000 -0.133667 0.136897 2.983452 1.000000 -0.135251 -0.394329 3.089756 1.000000 -0.157792 -0.772230 3.173329 1.000000 -0.146570 -0.824024 3.118378 1.000000
6858183288 -0.209530 0.215288 2.979823 1.000000 -0.218145 0.281914 3.026082 1.000000 -0.213601 0.644017 3.013491 1.000000 -0.184419 0.834480 3.014694 1.000000 -0.375370 0.534145 2.995800 1.000000 -0.440543 0.320239 2.953248 1.000000 -0.373199 0.180029 2.807506 1.000000 -0.333308 0.125787 2.727561 1.000000 -0.039028 0.533261 3.056119 1.000000 -0.005562 0.318211 3.032247 1.000000 -0.022463 0.172498 2.876728 1.000000 -0.074801 0.136449 2.780698 1.000000 -0.283784 0.141260 2.960655 1.000000 -0.344826 -0.381728 3.065339 1.000000 -0.369859 -0.758724 3.134011 1.000000 -0.400096 -0.819064 3.098158 1.000000 -0.133864 0.136847 2.983472 1.000000 -0.135019 -0.394761 3.090144 1.000000 -0.157157 -0.771756 3.172008 1.000000 -0.146972 -0.829162 3.092096 1.000000
6858216142 -0.209965 0.215015 2.980400 1.000000 -0.218610 0.281696 3.026842 1.000000 -0.213997 0.643974 3.013640 1.000000 -0.184316 0.834192 3.014570 1.000000 -0.375592 0.534218 2.995926 1.000000 -0.440743 0.320088 2.953224 1.000000 -0.379425 0.172900 2.812265 1.000000 -0.337493 0.119837 2.732581 1.000000 -0.039731 0.533078 3.056120 1.000000 -0.005021 0.317798 3.032881 1.000000 -0.040744 0.173286 2.879679 1.000000 -0.075166 0.135698 2.780473 1.000000 -0.284193 0.140977 2.961605 1.000000 -0.344809 -0.381745 3.065467 1.000000 -0.369479 -0.757492 3.132586 1.000000 -0.399927 -0.819103 3.099180 1.000000 -0.134243 0.136794 2.983742 1.000000 -0.135114 -0.394714 3.090200 1.000000 -0.157480 -0.772035 3.172718 1.000000 -0.154184 -0.832861 3.132260 1.000000
6858250074 -0.210210 0.214926 2.980680 1.000000 -0.218815 0.281443 3.027617 1.000000 -0.215160 0.644081 3.015038 1.000000 -0.184869 0.833480 3.013129 1.000000 -0.377347 0.533195 2.996664 1.000000 -0.440812 0.320026 2.953306 1.000000 -0.379551 0.173389 2.811724 1.000000 -0.337380 0.119758 2.732556 1.000000 -0.040520 0.532820 3.055568 1.000000 -0.005007 0.317672 3.033004 1.000000 -0.040866 0.174645 2.878348 1.000000 -0.075300 0.135273 2.781367 1.000000 -0.284503 0.140748 2.962080 1.000000 -0.344490 -0.382714 3.066143 1.000000 -0.371292 -0.759477 3.134618 1.000000 -0.402891 -0.821223 3.104012 1.000000 -0.134303 0.136792 2.983723 1.000000 -0.135267 -0.393820 3.090968 1.000000 -0.157549 -0.771963 3.172668 1.000000 -0.153521 -0.831244 3.130020 1.000000
6858283125 -0.210200 0.214806 2.981172 1.000000 -0.219030 0.281106 3.028651 1.000000 -0.216472 0.643772 3.016654 1.000000 -0.183584 0.831085 3.007863 1.000000 -0.377342 0.533249 2.996624 1.000000 -0.440824 0.320036 2.953357 1.000000 -0.380115 0.173742 2.811154 1.000000 -0.337432 0.119492 2.732694 1.000000 -0.041702 0.533269 3.055656 1.000000 -0.005411 0.317931 3.033003 1.000000 -0.038486 0.174039 2.878579 1.000000 -0.075526 0.134355 2.779785 1.000000 -0.284218 0.140822 2.962447 1.000000 -0.344656 -0.382310 3.065670 1.000000 -0.369329 -0.751010 3.129298 1.000000 -0.403466 -0.818482 3.101719 1.000000 -0.134333 0.136835 2.984023 1.000000 -0.135092 -0.394616 3.091567 1.000000 -0.157778 -0.773002 3.173109 1.000000 -0.140347 -0.826817 3.091898 1.000000
6858316143 -0.210420 0.214684 2.981385 1.000000 -0.219344 0.280875 3.029213 1.000000 -0.216874 0.643055 3.016706 1.000000 -0.183401 0.830291 3.007882 1.000000 -0.377499 0.533156 2.996680 1.000000 -0.440810 0.319633 2.953497 1.000000 -0.380816 0.171845 2.812715 1.000000 -0.336916 0.116219 2.735915 1.000000 -0.042026 0.533096 3.055696 1.000000 -0.005906 0.317962 3.034305 1.000000 -0.055753 0.186073 2.848057 1.000000 -0.075402 0.134082 2.780067 1.000000 -0.284437 0.140714 2.962868 1.000000 -0.344579 -0.382290 3.066019 1.000000 -0.367390 -0.752266 3.127779 1.000000 -0.394045 -0.813866 3.095784 1.000000 -0.134479 0.136806 2.984033 1.000000 -0.134757 -0.392429 3.092350 1.000000 -0.157631 -0.771373 3.173563 1.000000 -0.147980 -0.823878 3.104618 1.000000
6858347495 -0.210567 0.214718 2.981545 1.000000 -0.219535 0.280924 3.029624 1.000000 -0.217189 0.643277 3.016561 1.000000 -0.185892 0.831348 3.009945 1.000000 -0.377741 0.533230 2.996742 1.000000 -0.440908 0.319735 2.953466 1.000000 -0.380341 0.171676 2.813310 1.000000 -0.335562 0.114876 2.737898 1.000000 -0.042265 0.533104 3.055586 1.000000 -0.006029 0.318052 3.034342 1.000000 -0.038055 0.174841 2.879050 1.000000 -0.075425 0.134071 2.780090 1.000000 -0.284542 0.140739 2.963115 1.000000 -0.344503 -0.382674 3.066760 1.000000 -0.370183 -0.756076 3.127460 1.000000 -0.407546 -0.826776 3.108760 1.000000 -0.134610 0.136872 2.984117 1.000000 -0.135083 -0.393710 3.093198 1.000000 -0.157402 -0.771428 3.173207 1.000000 -0.147788 -0.825060 3.103250 1.000000
6858409686 -0.210652 0.214686 2.981656 1.000000 -0.219629 0.280874 3.029934 1.000000 -0.217116 0.643106 3.016467 1.000000 -0.186798 0.831114 3.009390 1.000000 -0.377950 0.533294 2.996795 1.000000 -0.441429 0.320741 2.955427 1.000000 -0.381068 0.173560 2.814192 1.000000 -0.335681 0.116496 2.739353 1.000000 -0.042401 0.533056 3.055615 1.000000 -0.006286 0.318188 3.034818 1.000000 -0.034549 0.172046 2.881775 1.000000 -0.075428 0.134726 2.781708 1.000000 -0.284693 0.140743 2.963293 1.000000 -0.344664 -0.381873 3.066380 1.000000 -0.368176 -0.753533 3.127276 1.000000 -0.407474 -0.824545 3.107527 1.000000 -0.134681 0.136822 2.984179 1.000000 -0.135321 -0.394491 3.094123 1.000000 -0.156342 -0.770882 3.172638 1.000000 -0.146419 -0.825866 3.100185 1.000000
6858442196 -0.211022 0.214631 2.981961 1.000000 -0.219960 0.280882 3.030415 1.000000 -0.217004 0.643475 3.016710 1.000000 -0.187648 0.831566 3.009792 1.000000 -0.378305 0.533237 2.996486 1.000000 -0.441790 0.320772 2.955758 1.000000 -0.380154 0.173506 2.815273 1.000000 -0.334973 0.116726 2.740102 1.000000 -0.043217 0.532818 3.055423 1.000000 -0.006389 0.318311 3.035174 1.000000 -0.056835 0.184299 2.850826 1.000000 -0.075178 0.135572 2.788803 1.000000 -0.285124 0.140707 2.963667 1.000000 -0.344594 -0.381798 3.066454 1.000000 -0.367872 -0.753429 3.127598 1.000000 -0.404199 -0.820179 3.103873 1.000000 -0.135201 0.136909 2.984380 1.000000 -0.135597 -0.393704 3.094007 1.000000 -0.156271 -0.770246 3.172993 1.000000 -0.146899 -0.823176 3.102612 1.000000
6858483482 -0.211197 0.214653 2.982052 1.000000 -0.220157 0.280902 3.030722 1.000000 -0.217104 0.643715 3.016894 1.000000 -0.188149 0.831484 3.008912 1.000000 -0.379590 0.533469 2.996338 1.000000 -0.442424 0.321270 2.956924 1.000000 -0.380299 0.174317 2.816354 1.000000 -0.311605 0.120937 2.758506 1.000000 -0.044034 0.532741 3.055261 1.000000 -0.006334 0.318205 3.035819 1.000000 -0.056741 0.184202 2.851566 1.000000 -0.075093 0.135417 2.789499 1.000000 -0.285302 0.140724 2.963748 1.000000 -0.344577 -0.381706 3.066520 1.000000 -0.368383 -0.753831 3.128287 1.000000 -0.399929 -0.816485 3.099161 1.000000 -0.135366 0.136927 2.984385 1.000000 -0.135921 -0.394608 3.094464 1.000000 -0.156616 -0.770501 3.172868 1.000000 -0.146971 -0.824234 3.101760 1.000000
6858543595 -0.211432 0.214612 2.982170 1.000000 -0.220345 0.280813 3.031099 1.000000 -0.217274 0.643701 3.017260 1.000000 -0.188668 0.830991 3.007680 1.000000 -0.380599 0.533144 2.996513 1.000000 -0.442455 0.321067 2.957053 1.000000 -0.367699 0.167914 2.831577 1.000000 -0.337531 0.118832 2.780143 1.000000 -0.044665 0.532206 3.054847 1.000000 -0.006643 0.317992 3.036409 1.000000 -0.043362 0.169769 2.887691 1.000000 -0.086745 0.100216 2.788856 1.000000 -0.285594 0.140617 2.963687 1.000000 -0.344637 -0.381279 3.066646 1.000000 -0.368816 -0.754131 3.126464 1.000000 -0.398928 -0.815062 3.096879 1.000000 -0.135567 0.136868 2.984511 1.000000 -0.135912 -0.393555 3.093979 1.000000 -0.156534 -0.770502 3.172900 1.000000 -0.148200 -0.824383 3.106544 1.000000
6858576120 -0.211688 0.214741 2.982407 1.000000 -0.220569 0.280948 3.031385 1.000000 -0.217200 0.643812 3.017127 1.000000 -0.189586 0.831724 3.009752 1.000000 -0.380990 0.533247 2.996224 1.000000 -0.442138 0.320031 2.957628 1.000000 -0.369592 0.163678 2.835217 1.000000 -0.338071 0.115542 2.783691 1.000000 -0.044888 0.531772 3.054779 1.000000 -0.006617 0.317977 3.036421 1.000000 -0.045715 0.162715 2.883983 1.000000 -0.082814 0.101231 2.808069 1.000000 -0.286111 0.140739 2.963980 1.000000 -0.344555 -0.381271 3.066698 1.000000 -0.369142 -0.754154 3.126659 1.000000 -0.399984 -0.816621 3.098268 1.000000 -0.135767 0.136949 2.984794 1.000000 -0.136173 -0.391332 3.092944 1.000000 -0.156965 -0.770619 3.173450 1.000000 -0.147363 -0.823942 3.106917 1.000000
6858607216 -0.211916 0.214899 2.982139 1.000000 -0.220747 0.281049 3.031361 1.000000 -0.217126 0.643970 3.017121 1.000000 -0.189290 0.832519 3.012855 1.000000 -0.381420 0.533383 2.996160 1.000000 -0.440224 0.314550 2.957351 1.000000 -0.372265 0.151108 2.842730 1.000000 -0.342522 0.104628 2.807729 1.000000 -0.045075 0.531542 3.054729 1.000000 -0.006630 0.317989 3.036373 1.000000 -0.038793 0.159676 2.898484 1.000000 -0.081527 0.086682 2.837072 1.000000 -0.286753 0.141054 2.963496 1.000000 -0.344545 -0.381244 3.066730 1.000000 -0.369169 -0.754300 3.126662 1.000000 -0.399739 -0.816492 3.097758 1.000000 -0.135883 0.137009 2.984352 1.000000 -0.136328 -0.391034 3.092966 1.000000 -0.157189 -0.770536 3.173610 1.000000 -0.148463 -0.823510 3.113409 1.000000
6858649011 -0.212487 0.214823 2.981621 1.000000 -0.221217 0.280963 3.031063 1.000000 -0.217209 0.643976 3.016793 1.000000 -0.189433 0.832390 3.012370 1.000000 -0.381962 0.533259 2.996304 1.000000 -0.440326 0.311979 2.957229 1.000000 -0.379330 0.142890 2.847625 1.000000 -0.344460 0.069463 2.823671 1.000000 -0.045253 0.531152 3.054675 1.000000 -0.007712 0.311791 3.031030 1.000000 -0.054596 0.101868 2.896172 1.000000 -0.082449 0.038949 2.861055 1.000000 -0.288019 0.140865 2.962805 1.000000 -0.344572 -0.381188 3.066924 1.000000 -0.369732 -0.755369 3.127322 1.000000 -0.400149 -0.817581 3.098721 1.000000 -0.136165 0.136841 2.983725 1.000000 -0.136467 -0.390995 3.092863 1.000000 -0.156966 -0.771095 3.174453 1.000000 -0.148404 -0.823321 3.114541 1.000000
6858693633 -0.212817 0.214999 2.981447 1.000000 -0.221438 0.281052 3.031205 1.000000 -0.217177 0.644355 3.017244 1.000000 -0.189327 0.832541 3.012319 1.000000 -0.382121 0.533217 2.996544 1.000000 -0.440768 0.306447 2.957743 1.000000 -0.387656 0.105820 2.864824 1.000000 -0.352943 0.040704 2.841933 1.000000 -0.045617 0.531070 3.054441 1.000000 -0.007432 0.309522 3.029125 1.000000 -0.047963 0.094836 2.906582 1.000000 -0.081377 -0.001272 2.882646 1.000000 -0.288764 0.141335 2.961926 1.000000 -0.344598 -0.380997 3.066980 1.000000 -0.369411 -0.754531 3.128145 1.000000 -0.400022 -0.817530 3.098479 1.000000 -0.136374 0.136926 2.983663 1.000000 -0.136430 -0.391097 3.092590 1.000000 -0.157013 -0.771183 3.174505 1.000000 -0.149400 -0.823633 3.116845 1.000000
6858726113 -0.212828 0.215032 2.981419 1.000000 -0.221663 0.281073 3.031334 1.000000 -0.217204 0.644449 3.017234 1.000000 -0.190813 0.832782 3.012466 1.000000 -0.382549 0.532662 2.995436 1.000000 -0.442054 0.300993 2.958748 1.000000 -0.389490 0.099437 2.868690 1.000000 -0.370451 0.024792 2.862807 1.000000 -0.045546 0.530873 3.054755 1.000000 -0.008528 0.300640 3.028278 1.000000 -0.035764 0.083535 2.925544 1.000000 -0.058597 -0.017497 2.911503 1.000000 -0.288803 0.141219 2.961743 1.000000 -0.344638 -0.380911 3.066928 1.000000 -0.369834 -0.755438 3.128509 1.000000 -0.400047 -0.819581 3.098664 1.000000 -0.136337 0.136991 2.983673 1.000000 -0.136528 -0.391162 3.092520 1.000000 -0.157104 -0.770892 3.173974 1.000000 -0.149212 -0.823669 3.116852 1.000000
6858770246 -0.213127 0.215296 2.981398 1.000000 -0.221886 0.281401 3.031348 1.000000 -0.217182 0.644780 3.016441 1.000000 -0.190812 0.833199 3.012446 1.000000 -0.383360 0.532668 2.995452 1.000000 -0.443013 0.298790 2.959636 1.000000 -0.394119 0.096138 2.879298 1.000000 -0.381190 -0.002333 2.883519 1.000000 -0.045566 0.530631 3.054552 1.000000 -0.008755 0.290598 3.029518 1.000000 -0.014001 0.094915 2.959438 1.000000 -0.040246 -0.003191 2.934715 1.000000 -0.289178 0.141190 2.961749 1.000000 -0.344652 -0.380992 3.066966 1.000000 -0.369690 -0.755095 3.128524 1.000000 -0.399477 -0.818631 3.097351 1.000000 -0.136535 0.137203 2.983753 1.000000 -0.136804 -0.390823 3.092183 1.000000 -0.157313 -0.770755 3.174092 1.000000 -0.149472 -0.823802 3.117617 1.000000
6858801513 -0.213354 0.215495 2.981520 1.000000 -0.222087 0.281602 3.031455 1.000000 -0.217599 0.644754 3.016098 1.000000 -0.191256 0.833060 3.012021 1.000000 -0.384230 0.532269 2.995467 1.000000 -0.445217 0.294381 2.964370 1.000000 -0.404843 0.090011 2.894858 1.000000 -0.381716 -0.002519 2.884146 1.000000 -0.045679 0.530205 3.054317 1.000000 -0.009927 0.284458 3.033931 1.000000 -0.015997 0.088104 2.966289 1.000000 -0.040850 -0.011127 2.944764 1.000000 -0.289434 0.141247 2.961943 1.000000 -0.344953 -0.379608 3.066781 1.000000 -0.369514 -0.753312 3.126825 1.000000 -0.400971 -0.818091 3.098535 1.000000 -0.136593 0.137279 2.983855 1.000000 -0.136772 -0.390924 3.091706 1.000000 -0.157218 -0.770889 3.174182 1.000000 -0.149292 -0.823908 3.117420 1.000000
6858832743 -0.213815 0.215891 2.982654 1.000000 -0.222435 0.282070 3.032170 1.000000 -0.217616 0.644825 3.016057 1.000000 -0.191950 0.833133 3.011410 1.000000 -0.384977 0.532714 2.995479 1.000000 -0.449156 0.290927 2.972066 1.000000 -0.408032 0.087406 2.897048 1.000000 -0.395968 0.011473 2.889365 1.000000 -0.045655 0.530105 3.054411 1.000000 -0.009541 0.279417 3.036960 1.000000 -0.014971 0.081164 2.972906 1.000000 -0.032784 -0.020623 2.957077 1.000000 -0.290120 0.141272 2.963578 1.000000 -0.345020 -0.382605 3.068045 1.000000 -0.369575 -0.753813 3.126816 1.000000 -0.400777 -0.818549 3.099128 1.000000 -0.136953 0.137504 2.985213 1.000000 -0.137083 -0.391524 3.091885 1.000000 -0.157260 -0.772037 3.173442 1.000000 -0.145212 -0.826709 3.091956 1.000000
6858876278 -0.214287 0.215974 2.983611 1.000000 -0.222772 0.282278 3.032653 1.000000 -0.218069 0.644743 3.015750 1.000000 -0.191339 0.829815 2.999677 1.000000 -0.386010 0.532562 2.996102 1.000000 -0.454349 0.292686 2.978706 1.000000 -0.418554 0.084055 2.911991 1.000000 -0.398541 0.007917 2.896542 1.000000 -0.045897 0.530277 3.054549 1.000000 -0.008802 0.277504 3.038772 1.000000 -0.013639 0.078575 2.981285 1.000000 -0.028059 -0.023154 2.961972 1.000000 -0.290505 0.141025 2.964443 1.000000 -0.345162 -0.382577 3.068033 1.000000 -0.369736 -0.753959 3.126950 1.000000 -0.399713 -0.817251 3.098816 1.000000 -0.137450 0.137527 2.987143 1.000000 -0.136994 -0.391426 3.091853 1.000000 -0.157525 -0.772246 3.173629 1.000000 -0.146824 -0.825057 3.114388 1.000000
6858909144 -0.214806 0.215965 2.984126 1.000000 -0.223114 0.282375 3.032683 1.000000 -0.218050 0.644395 3.015244 1.000000 -0.191487 0.829687 2.999653 1.000000 -0.386374 0.532485 2.995868 1.000000 -0.457999 0.288281 2.983927 1.000000 -0.423326 0.085978 2.914576 1.000000 -0.406738 0.012395 2.897226 1.000000 -0.045906 0.530103 3.054526 1.000000 -0.007532 0.274061 3.043540 1.000000 -0.012504 0.075604 2.983869 1.000000 -0.023486 -0.026668 2.965102 1.000000 -0.291372 0.140881 2.965402 1.000000 -0.345219 -0.382598 3.068111 1.000000 -0.370344 -0.755843 3.128167 1.000000 -0.403234 -0.821269 3.095567 1.000000 -0.137967 0.137337 2.987734 1.000000 -0.136889 -0.391568 3.091818 1.000000 -0.157667 -0.772382 3.173627 1.000000 -0.149100 -0.825277 3.120082 1.000000
6858941184 -0.215025 0.215969 2.984438 1.000000 -0.223274 0.282651 3.032482 1.000000 -0.218384 0.645438 3.014199 1.000000 -0.189420 0.831117 3.000946 1.000000 -0.386702 0.532675 2.995842 1.000000 -0.460603 0.289185 2.986730 1.000000 -0.424798 0.085961 2.914434 1.000000 -0.407747 -0.003274 2.889687 1.000000 -0.045819 0.529628 3.054686 1.000000 -0.007017 0.272872 3.045480 1.000000 -0.010149 0.073989 2.987414 1.000000 -0.022881 -0.027534 2.965759 1.000000 -0.291640 0.140754 2.965849 1.000000 -0.345343 -0.382634 3.068096 1.000000 -0.370665 -0.756610 3.127980 1.000000 -0.404018 -0.825545 3.104066 1.000000 -0.138168 0.137157 2.988333 1.000000 -0.137042 -0.393328 3.092083 1.000000 -0.157591 -0.773116 3.173099 1.000000 -0.148151 -0.826866 3.118543 1.000000
6858974522 -0.215215 0.215887 2.984676 1.000000 -0.223353 0.282743 3.032121 1.000000 -0.218648 0.644719 3.013049 1.000000 -0.191477 0.831831 3.003786 1.000000 -0.387138 0.532633 2.995816 1.000000 -0.461838 0.288576 2.988165 1.000000 -0.425739 0.086107 2.913727 1.000000 -0.408513 0.000029 2.888818 1.000000 -0.045748 0.529402 3.054649 1.000000 -0.006218 0.272068 3.046790 1.000000 -0.009024 0.073619 2.986689 1.000000 -0.020877 -0.028130 2.965461 1.000000 -0.292049 0.140393 2.966449 1.000000 -0.345831 -0.382727 3.068269 1.000000 -0.370858 -0.756657 3.130184 1.000000 -0.404163 -0.825017 3.105767 1.000000 -0.138243 0.136972 2.988640 1.000000 -0.137032 -0.394082 3.092224 1.000000 -0.157771 -0.773331 3.172987 1.000000 -0.142916 -0.834294 3.097746 1.000000
6859009483 -0.215356 0.215850 2.984819 1.000000 -0.223344 0.282800 3.031743 1.000000 -0.219070 0.644534 3.012622 1.000000 -0.189039 0.829734 2.997992 1.000000 -0.387965 0.532577 2.996326 1.000000 -0.472267 0.296336 2.990117 1.000000 -0.427119 0.088115 2.911125 1.000000 -0.405796 0.001319 2.885844 1.000000 -0.045770 0.529165 3.054459 1.000000 -0.005165 0.271074 3.047881 1.000000 -0.004119 0.065943 2.977828 1.000000 -0.017546 -0.036234 2.959727 1.000000 -0.292218 0.140218 2.966619 1.000000 -0.346471 -0.383501 3.068207 1.000000 -0.371854 -0.762376 3.130341 1.000000 -0.416900 -0.835800 3.095690 1.000000 -0.138282 0.136834 2.988886 1.000000 -0.136892 -0.393866 3.091697 1.000000 -0.157985 -0.772738 3.173058 1.000000 -0.145578 -0.826577 3.120717 1.000000
6859041244 -0.215618 0.215942 2.985078 1.000000 -0.223580 0.282930 3.031536 1.000000 -0.219618 0.644431 3.012677 1.000000 -0.188522 0.827098 2.990573 1.000000 -0.388872 0.532674 2.997118 1.000000 -0.477312 0.302517 2.989295 1.000000 -0.428722 0.093962 2.901021 1.000000 -0.407874 0.028825 2.848858 1.000000 -0.045857 0.528950 3.055114 1.000000 -0.004476 0.270640 3.048239 1.000000 -0.001471 0.064453 2.969959 1.000000 -0.012601 -0.036354 2.944173 1.000000 -0.292368 0.140255 2.966694 1.000000 -0.346837 -0.383367 3.067986 1.000000 -0.370811 -0.761741 3.129357 1.000000 -0.411914 -0.830043 3.108303 1.000000 -0.138425 0.136686 2.989304 1.000000 -0.136993 -0.394835 3.092213 1.000000 -0.158032 -0.772993 3.173262 1.000000 -0.134645 -0.831949 3.097446 1.000000
6859082746 -0.216007 0.215627 2.985394 1.000000 -0.223996 0.282476 3.031428 1.000000 -0.220725 0.642490 3.012775 1.000000 -0.191711 0.827218 2.995775 1.000000 -0.388897 0.532687 2.997127 1.000000 -0.481315 0.312704 2.990551 1.000000 -0.431760 0.119357 2.870567 1.000000 -0.407027 0.059594 2.815880 1.000000 -0.046434 0.528139 3.054685 1.000000 -0.000253 0.273773 3.046408 1.000000 0.004039 0.073387 2.950927 1.000000 -0.006303 -0.015358 2.896398 1.000000 -0.292600 0.140015 2.966905 1.000000 -0.347196 -0.383628 3.068399 1.000000 -0.370088 -0.762126 3.131173 1.000000 -0.413079 -0.831857 3.089703 1.000000 -0.138721 0.136445 2.989645 1.000000 -0.136219 -0.391754 3.090944 1.000000 -0.158727 -0.770251 3.172396 1.000000 -0.140393 -0.818678 3.117463 1.000000
6859124071 -0.216340 0.215750 2.985938 1.000000 -0.224136 0.282701 3.031272 1.000000 -0.220687 0.642569 3.012510 1.000000 -0.192188 0.829328 3.002018 1.000000 -0.388867 0.533019 2.997967 1.000000 -0.483458 0.318991 2.985556 1.000000 -0.437012 0.176636 2.792654 1.000000 -0.408447 0.117798 2.745779 1.000000 -0.046456 0.528688 3.055401 1.000000 0.014459 0.292945 3.041088 1.000000 0.015839 0.097107 2.900076 1.000000 -0.006950 0.013771 2.857107 1.000000 -0.293003 0.140340 2.967865 1.000000 -0.347456 -0.383686 3.068696 1.000000 -0.368898 -0.761372 3.131763 1.000000 -0.412094 -0.831287 3.088660 1.000000 -0.139144 0.136419 2.990323 1.000000 -0.136198 -0.391644 3.091078 1.000000 -0.158746 -0.770537 3.172681 1.000000 -0.141820 -0.819378 3.118510 1.000000
6859166109 -0.216730 0.216276 2.986621 1.000000 -0.224507 0.283142 3.031376 1.000000 -0.221899 0.642180 3.012610 1.000000 -0.194887 0.825864 2.991216 1.000000 -0.389564 0.533291 3.000605 1.000000 -0.488508 0.329200 2.980993 1.000000 -0.441018 0.202913 2.780727 1.000000 -0.406738 0.165283 2.706717 1.000000 -0.046176 0.529476 3.057731 1.000000 0.018658 0.315791 3.032645 1.000000 0.017838 0.140015 2.872732 1.000000 -0.005451 0.063818 2.804840 1.000000 -0.293225 0.140681 2.968398 1.000000 -0.347882 -0.381309 3.068065 1.000000 -0.367355 -0.753987 3.129777 1.000000 -0.410502 -0.821559 3.099856 1.000000 -0.139250 0.136700 2.991002 1.000000 -0.136276 -0.391683 3.091085 1.000000 -0.158789 -0.770535 3.172193 1.000000 -0.142076 -0.821481 3.118595 1.000000
6859199107 -0.217183 0.215821 2.988228 1.000000 -0.224879 0.282455 3.033142 1.000000 -0.220940 0.641724 3.016773 1.000000 -0.194273 0.826696 2.999029 1.000000 -0.389686 0.532964 3.000863 1.000000 -0.489996 0.343121 2.975210 1.000000 -0.435302 0.262064 2.761727 1.000000 -0.413818 0.230225 2.683279 1.000000 -0.046442 0.529118 3.058218 1.000000 0.019970 0.319430 3.031049 1.000000 0.039119 0.200716 2.852718 1.000000 -0.001903 0.113525 2.739920 1.000000 -0.293669 0.140261 2.969509 1.000000 -0.347940 -0.381266 3.068145 1.000000 -0.367533 -0.754043 3.130699 1.000000 -0.408029 -0.821063 3.103075 1.000000 -0.139811 0.136345 2.992323 1.000000 -0.135933 -0.393465 3.092356 1.000000 -0.158761 -0.770708 3.172161 1.000000 -0.144085 -0.828032 3.092986 1.000000
6859233532 -0.217715 0.215698 2.989196 1.000000 -0.225453 0.282367 3.034111 1.000000 -0.221433 0.642045 3.018188 1.000000 -0.193643 0.829845 3.010750 1.000000 -0.389452 0.533137 3.000752 1.000000 -0.491662 0.358236 2.951682 1.000000 -0.479908 0.292689 2.745328 1.000000 -0.400146 0.274658 2.630544 1.000000 -0.046503 0.529002 3.058209 1.000000 0.023534 0.332901 3.020679 1.000000 0.048713 0.253127 2.821099 1.000000 -0.003096 0.187378 2.698904 1.000000 -0.294111 0.140399 2.970741 1.000000 -0.347872 -0.381060 3.068457 1.000000 -0.367345 -0.754164 3.131050 1.000000 -0.406883 -0.820842 3.104161 1.000000 -0.140324 0.136281 2.992850 1.000000 -0.135791 -0.392883 3.092450 1.000000 -0.158588 -0.770692 3.172435 1.000000 -0.144323 -0.825097 3.105276 1.000000
6859266384 -0.218028 0.215315 2.990369 1.000000 -0.225791 0.281671 3.036072 1.000000 -0.221393 0.643381 3.023744 1.000000 -0.196210 0.832491 3.019978 1.000000 -0.388641 0.532782 3.001436 1.000000 -0.506836 0.364258 2.892360 1.000000 -0.429840 0.338806 2.671557 1.000000 -0.403051 0.329951 2.599524 1.000000 -0.046897 0.528892 3.058378 1.000000 0.024391 0.339911 3.004608 1.000000 0.048709 0.269142 2.801335 1.000000 -0.005257 0.260498 2.667654 1.000000 -0.294234 0.140303 2.971743 1.000000 -0.347782 -0.380597 3.069126 1.000000 -0.366553 -0.756488 3.130959 1.000000 -0.405500 -0.823230 3.107299 1.000000 -0.140721 0.136324 2.993357 1.000000 -0.135646 -0.391621 3.092259 1.000000 -0.158189 -0.769269 3.173860 1.000000 -0.143604 -0.822125 3.112039 1.000000
6859299636 -0.217735 0.215141 2.992476 1.000000 -0.225463 0.281464 3.039205 1.000000 -0.220466 0.645161 3.028490 1.000000 -0.192775 0.834384 3.027136 1.000000 -0.386298 0.534091 3.002877 1.000000 -0.510829 0.371467 2.886148 1.000000 -0.433281 0.354834 2.684750 1.000000 -0.397816 0.373139 2.587997 1.000000 -0.047289 0.529533 3.058856 1.000000 0.038291 0.347386 3.000308 1.000000 0.056812 0.269072 2.799406 1.000000 0.011086 0.326904 2.661794 1.000000 -0.293680 0.140590 2.973215 1.000000 -0.347534 -0.380470 3.069174 1.000000 -0.370316 -0.761445 3.131537 1.000000 -0.407343 -0.829651 3.088915 1.000000 -0.140868 0.136677 2.995418 1.000000 -0.135562 -0.391294 3.092338 1.000000 -0.157945 -0.769289 3.173985 1.000000 -0.146156 -0.822824 3.116946 1.000000
6859333241 -0.216977 0.211438 2.995017 1.000000 -0.225404 0.278514 3.042512 1.000000 -0.220464 0.646061 3.033622 1.000000 -0.193780 0.834438 3.028427 1.000000 -0.380458 0.531217 3.005242 1.000000 -0.500816 0.379813 2.866148 1.000000 -0.425467 0.448765 2.654856 1.000000 -0.399251 0.472755 2.586132 1.000000 -0.058170 0.532746 3.062271 1.000000 0.070129 0.349121 2.900172 1.000000 0.014291 0.404594 2.678432 1.000000 -0.005137 0.423894 2.606073 1.000000 -0.291164 0.139356 2.975327 1.000000 -0.347293 -0.382639 3.070161 1.000000 -0.367933 -0.761615 3.132207 1.000000 -0.405143 -0.827590 3.099183 1.000000 -0.141554 0.136147 2.996807 1.000000 -0.135558 -0.391206 3.092517 1.000000 -0.157835 -0.769025 3.173792 1.000000 -0.146348 -0.822757 3.116947 1.000000
6859366315 -0.217377 0.210389 2.996099 1.000000 -0.226251 0.277421 3.044359 1.000000 -0.221391 0.646271 3.036103 1.000000 -0.193094 0.834264 3.030691 1.000000 -0.378106 0.532697 3.006734 1.000000 -0.484131 0.422607 2.841578 1.000000 -0.377930 0.529785 2.597340 1.000000 -0.342529 0.565511 2.520517 1.000000 -0.075955 0.549465 3.064107 1.000000 0.059998 0.391602 2.857203 1.000000 0.024508 0.462382 2.655745 1.000000 -0.016165 0.512514 2.573386 1.000000 -0.289846 0.139731 2.977167 1.000000 -0.347433 -0.382827 3.070471 1.000000 -0.368233 -0.761480 3.131060 1.000000 -0.404145 -0.826574 3.100867 1.000000 -0.144066 0.137107 2.997970 1.000000 -0.135634 -0.391039 3.092710 1.000000 -0.158649 -0.770825 3.175545 1.000000 -0.145324 -0.824674 3.113665 1.000000
6859399397 -0.218018 0.214721 2.997516 1.000000 -0.225881 0.280760 3.046809 1.000000 -0.221244 0.647473 3.039280 1.000000 -0.193902 0.834472 3.029773 1.000000 -0.372541 0.554139 3.016634 1.000000 -0.480291 0.458658 2.829630 1.000000 -0.370562 0.569526 2.608056 1.000000 -0.335866 0.628597 2.572159 1.000000 -0.077270 0.557119 3.064800 1.000000 0.062737 0.427696 2.843451 1.000000 -0.028778 0.542969 2.640308 1.000000 -0.042391 0.592516 2.582503 1.000000 -0.288834 0.148394 2.980287 1.000000 -0.347358 -0.382678 3.070544 1.000000 -0.368727 -0.761304 3.131015 1.000000 -0.402914 -0.824976 3.100156 1.000000 -0.147316 0.147354 2.998170 1.000000 -0.135004 -0.388113 3.091333 1.000000 -0.158381 -0.770889 3.175923 1.000000 -0.146088 -0.824482 3.114107 1.000000
6859433559 -0.218786 0.218189 2.997595 1.000000 -0.226218 0.283363 3.047655 1.000000 -0.219361 0.648491 3.040915 1.000000 -0.194532 0.834800 3.027936 1.000000 -0.371605 0.554227 3.015756 1.000000 -0.477608 0.473738 2.824189 1.000000 -0.356822 0.614315 2.622588 1.000000 -0.318494 0.672544 2.589103 1.000000 -0.075687 0.560662 3.064550 1.000000 0.064473 0.453461 2.837826 1.000000 -0.051086 0.596680 2.640306 1.000000 -0.082311 0.644010 2.587717 1.000000 -0.289719 0.152014 2.980574 1.000000 -0.347206 -0.381330 3.070413 1.000000 -0.369301 -0.760988 3.131457 1.000000 -0.402780 -0.824289 3.101313 1.000000 -0.148805 0.151738 2.997155 1.000000 -0.134588 -0.387474 3.091567 1.000000 -0.158332 -0.770824 3.176184 1.000000 -0.147715 -0.824294 3.116777 1.000000
6859466499 -0.219481 0.218132 2.997505 1.000000 -0.227988 0.283167 3.047970 1.000000 -0.221843 0.648594 3.042192 1.000000 -0.202082 0.834858 3.027256 1.000000 -0.376174 0.559506 3.010588 1.000000 -0.458252 0.536621 2.775165 1.000000 -0.346339 0.636872 2.623831 1.000000 -0.299657 0.694827 2.597178 1.000000 -0.079249 0.562420 3.064366 1.000000 0.058044 0.517090 2.814228 1.000000 -0.055733 0.624231 2.650872 1.000000 -0.097264 0.673222 2.607841 1.000000 -0.290463 0.152174 2.980315 1.000000 -0.347221 -0.381060 3.070362 1.000000 -0.369857 -0.761364 3.129122 1.000000 -0.404340 -0.826094 3.104689 1.000000 -0.149061 0.151622 2.997049 1.000000 -0.134815 -0.389387 3.091502 1.000000 -0.158128 -0.771114 3.175679 1.000000 -0.147500 -0.825735 3.107590 1.000000
6859500666 -0.219508 0.218719 2.998046 1.000000 -0.227157 0.283457 3.049452 1.000000 -0.223781 0.649769 3.046547 1.000000 -0.206545 0.833948 3.024574 1.000000 -0.377538 0.558316 3.009502 1.000000 -0.455818 0.544531 2.777597 1.000000 -0.342154 0.657329 2.637913 1.000000 -0.296985 0.703034 2.600612 1.000000 -0.075332 0.558841 3.056511 1.000000 0.059397 0.526178 2.817688 1.000000 -0.077820 0.667480 2.636397 1.000000 -0.119259 0.683455 2.573159 1.000000 -0.290608 0.152256 2.980175 1.000000 -0.347211 -0.379467 3.069895 1.000000 -0.369965 -0.761303 3.129203 1.000000 -0.404380 -0.825046 3.106344 1.000000 -0.148258 0.151571 2.997998 1.000000 -0.135111 -0.389678 3.091476 1.000000 -0.158144 -0.771181 3.175574 1.000000 -0.147897 -0.826723 3.104486 1.000000
6859533991 -0.219732 0.218823 2.998313 1.000000 -0.227349 0.283650 3.050307 1.000000 -0.223941 0.652878 3.048622 1.000000 -0.208399 0.836391 3.024506 1.000000 -0.379029 0.559780 3.007568 1.000000 -0.455974 0.565399 2.783720 1.000000 -0.341340 0.673289 2.640680 1.000000 -0.300001 0.713645 2.606825 1.000000 -0.073026 0.556928 3.053554 1.000000 0.058865 0.561976 2.826453 1.000000 -0.102230 0.691726 2.630576 1.000000 -0.170876 0.722120 2.612324 1.000000 -0.291518 0.152071 2.980413 1.000000 -0.347176 -0.378777 3.069640 1.000000 -0.370509 -0.761294 3.129917 1.000000 -0.403126 -0.822342 3.103124 1.000000 -0.148073 0.151147 2.998098 1.000000 -0.135113 -0.390178 3.091651 1.000000 -0.158153 -0.772082 3.174999 1.000000 -0.147842 -0.828528 3.100774 1.000000
6859566913 -0.219534 0.219883 2.998379 1.000000 -0.227056 0.284922 3.050784 1.000000 -0.224825 0.654762 3.048549 1.000000 -0.212591 0.838676 3.025071 1.000000 -0.379210 0.559312 3.007976 1.000000 -0.457476 0.586996 2.785803 1.000000 -0.332144 0.708942 2.653831 1.000000 -0.288830 0.730675 2.593688 1.000000 -0.072224 0.558745 3.052424 1.000000 0.063696 0.579063 2.836056 1.000000 -0.102357 0.696061 2.636072 1.000000 -0.171262 0.725977 2.618107 1.000000 -0.291339 0.152355 2.979843 1.000000 -0.347093 -0.378951 3.069514 1.000000 -0.369714 -0.761285 3.130581 1.000000 -0.402708 -0.822025 3.102933 1.000000 -0.147373 0.152001 2.998652 1.000000 -0.135009 -0.390513 3.091784 1.000000 -0.158441 -0.772019 3.175467 1.000000 -0.143997 -0.827264 3.094853 1.000000
6859600899 -0.218204 0.225834 2.998243 1.000000 -0.225776 0.290681 3.050997 1.000000 -0.224561 0.658571 3.047928 1.000000 -0.213543 0.842334 3.024009 1.000000 -0.379595 0.559289 3.008294 1.000000 -0.457494 0.593254 2.790954 1.000000 -0.339145 0.718134 2.654840 1.000000 -0.291361 0.749576 2.602961 1.000000 -0.069015 0.560278 3.051833 1.000000 0.072632 0.602183 2.838567 1.000000 -0.063782 0.729004 2.679364 1.000000 -0.105821 0.754760 2.619927 1.000000 -0.290405 0.155163 2.977278 1.000000 -0.346893 -0.379310 3.069123 1.000000 -0.369472 -0.759731 3.129863 1.000000 -0.401504 -0.821050 3.101367 1.000000 -0.145392 0.155538 3.000254 1.000000 -0.134919 -0.390262 3.091578 1.000000 -0.158471 -0.771955 3.176177 1.000000 -0.145132 -0.824156 3.103588 1.000000
6859633943 -0.218096 0.226645 2.997919 1.000000 -0.225567 0.291740 3.050907 1.000000 -0.223004 0.660653 3.047095 1.000000 -0.212057 0.849055 3.038414 1.000000 -0.381092 0.558877 3.007350 1.000000 -0.468945 0.603265 2.798860 1.000000 -0.352773 0.734919 2.655554 1.000000 -0.291485 0.785577 2.611109 1.000000 -0.066043 0.562809 3.051928 1.000000 0.080200 0.613000 2.852535 1.000000 -0.063016 0.746801 2.678196 1.000000 -0.103008 0.776598 2.619259 1.000000 -0.290716 0.155332 2.977289 1.000000 -0.346382 -0.377862 3.068889 1.000000 -0.368226 -0.758889 3.129995 1.000000 -0.400758 -0.819964 3.101682 1.000000 -0.144474 0.156231 2.998904 1.000000 -0.134670 -0.389572 3.091289 1.000000 -0.158309 -0.771134 3.176094 1.000000 -0.144009 -0.823128 3.118289 1.000000
6859666900 -0.218131 0.227822 2.997812 1.000000 -0.225309 0.292379 3.051121 1.000000 -0.222018 0.660055 3.047273 1.000000 -0.208397 0.847256 3.035007 1.000000 -0.381210 0.558582 3.007341 1.000000 -0.480587 0.610044 2.807559 1.000000 -0.369888 0.758307 2.654349 1.000000 -0.296327 0.816139 2.615659 1.000000 -0.061581 0.563156 3.051415 1.000000 0.090610 0.630755 2.860841 1.000000 -0.003189 0.764893 2.705730 1.000000 -0.066843 0.802039 2.657060 1.000000 -0.291519 0.156315 2.977077 1.000000 -0.346435 -0.378319 3.068782 1.000000 -0.368558 -0.758734 3.129671 1.000000 -0.400452 -0.819941 3.100315 1.000000 -0.144188 0.156446 2.998589 1.000000 -0.135028 -0.391219 3.090915 1.000000 -0.158444 -0.772044 3.176019 1.000000 -0.139874 -0.824054 3.094101 1.000000
6859700595 -0.217914 0.228476 2.997481 1.000000 -0.224953 0.292684 3.051101 1.000000 -0.220358 0.658515 3.047068 1.000000 -0.200922 0.843890 3.030710 1.000000 -0.379015 0.559498 3.008690 1.000000 -0.495023 0.627077 2.802822 1.000000 -0.391333 0.795346 2.654000 1.000000 -0.334961 0.853027 2.624675 1.000000 -0.057092 0.563105 3.052234 1.000000 0.100245 0.639819 2.865093 1.000000 0.043285 0.787985 2.723802 1.000000 -0.005030 0.831333 2.682021 1.000000 -0.291358 0.157039 2.976973 1.000000 -0.346504 -0.377986 3.068506 1.000000 -0.368649 -0.758490 3.129419 1.000000 -0.399637 -0.818313 3.098266 1.000000 -0.144055 0.156765 2.997544 1.000000 -0.135376 -0.393260 3.091383 1.000000 -0.158648 -0.773416 3.175940 1.000000 -0.145178 -0.831459 3.097125 1.000000
6859733406 -0.217659 0.228628 2.997083 1.000000 -0.224571 0.293188 3.050667 1.000000 -0.219568 0.658686 3.043861 1.000000 -0.200298 0.844783 3.030182 1.000000 -0.378634 0.559551 3.008925 1.000000 -0.502120 0.626622 2.807530 1.000000 -0.432190 0.814989 2.669255 1.000000 -0.384521 0.879395 2.640300 1.000000 -0.055079 0.562885 3.052223 1.000000 0.123107 0.633256 2.889105 1.000000 0.076675 0.795009 2.751318 1.000000 0.021453 0.869438 2.703127 1.000000 -0.291181 0.157131 2.977002 1.000000 -0.346499 -0.377893 3.068344 1.000000 -0.371340 -0.761057 3.130864 1.000000 -0.400115 -0.819414 3.097694 1.000000 -0.143666 0.156425 2.996515 1.000000 -0.135270 -0.393997 3.091609 1.000000 -0.156648 -0.773044 3.173326 1.000000 -0.145042 -0.832779 3.095478 1.000000
6859767563 -0.217450 0.228272 2.996641 1.000000 -0.224274 0.292974 3.050206 1.000000 -0.218303 0.657912 3.041761 1.000000 -0.199239 0.844609 3.029983 1.000000 -0.377842 0.559208 3.008412 1.000000 -0.518011 0.625707 2.806897 1.000000 -0.460883 0.863751 2.666856 1.000000 -0.424181 0.930934 2.656903 1.000000 -0.053593 0.561644 3.051826 1.000000 0.129242 0.626740 2.905355 1.000000 0.120300 0.801758 2.775066 1.000000 0.078684 0.880784 2.720918 1.000000 -0.291074 0.156989 2.976993 1.000000 -0.346470 -0.377496 3.068104 1.000000 -0.370034 -0.759784 3.130819 1.000000 -0.399613 -0.818752 3.099481 1.000000 -0.143503 0.155329 2.995468 1.000000 -0.134820 -0.393267 3.091561 1.000000 -0.156942 -0.772570 3.173355 1.000000 -0.144699 -0.830870 3.094519 1.000000
6859800480 -0.217194 0.228449 2.995869 1.000000 -0.223468 0.293232 3.049438 1.000000 -0.216913 0.657315 3.039701 1.000000 -0.196327 0.843626 3.027019 1.000000 -0.377847 0.559372 3.008460 1.000000 -0.544883 0.625544 2.800733 1.000000 -0.536038 0.802177 2.686099 1.000000 -0.507813 0.890137 2.667644 1.000000 -0.049278 0.559341 3.049356 1.000000 0.145454 0.615698 2.919379 1.000000 0.159201 0.813467 2.787676 1.000000 0.138239 0.901092 2.734805 1.000000 -0.291087 0.156928 2.976898 1.000000 -0.345472 -0.375503 3.067623 1.000000 -0.370476 -0.759001 3.131724 1.000000 -0.399084 -0.817774 3.099168 1.000000 -0.142966 0.154792 2.993725 1.000000 -0.134843 -0.392506 3.091767 1.000000 -0.157761 -0.773428 3.174452 1.000000 -0.149404 -0.828709 3.115115 1.000000
6859833530 -0.216943 0.228708 2.995149 1.000000 -0.223039 0.293658 3.048561 1.000000 -0.216138 0.655594 3.035965 1.000000 -0.195214 0.841448 3.021724 1.000000 -0.378721 0.559193 3.008015 1.000000 -0.566246 0.603362 2.815071 1.000000 -0.579786 0.777924 2.697387 1.000000 -0.574707 0.871582 2.663738 1.000000 -0.045978 0.557347 3.048503 1.000000 0.161211 0.611874 2.927836 1.000000 0.208496 0.824219 2.800457 1.000000 0.207672 0.891782 2.763105 1.000000 -0.291199 0.156640 2.976561 1.000000 -0.345383 -0.374833 3.067413 1.000000 -0.371714 -0.758653 3.131863 1.000000 -0.399028 -0.818084 3.099414 1.000000 -0.142286 0.154277 2.992908 1.000000 -0.134833 -0.391826 3.091171 1.000000 -0.157914 -0.773400 3.174516 1.000000 -0.148466 -0.826809 3.114256 1.000000
6859867433 -0.216877 0.228812 2.994777 1.000000 -0.222811 0.293836 3.048124 1.000000 -0.216218 0.655064 3.034205 1.000000 -0.194391 0.840471 3.018723 1.000000 -0.379333 0.559415 3.007689 1.000000 -0.572324 0.575498 2.839786 1.000000 -0.622559 0.732422 2.704754 1.000000 -0.628418 0.809082 2.677410 1.000000 -0.042146 0.553731 3.047139 1.000000 0.176296 0.587201 2.941642 1.000000 0.259033 0.782715 2.808270 1.000000 0.263993 0.856857 2.787385 1.000000 -0.291405 0.156391 2.976336 1.000000 -0.345283 -0.374852 3.066808 1.000000 -0.373629 -0.761549 3.132574 1.000000 -0.404416 -0.826961 3.089982 1.000000 -0.141766 0.153477 2.992398 1.000000 -0.134891 -0.391766 3.091078 1.000000 -0.158358 -0.773526 3.175128 1.000000 -0.148400 -0.825469 3.114711 1.000000
6859900513 -0.216698 0.229019 2.993766 1.000000 -0.222441 0.294151 3.046924 1.000000 -0.215581 0.654770 3.031554 1.000000 -0.195432 0.840934 3.017853 1.000000 -0.380276 0.559215 3.007025 1.000000 -0.591831 0.567289 2.835828 1.000000 -0.682480 0.710076 2.708703 1.000000 -0.696603 0.779410 2.677888 1.000000 -0.039752 0.551697 3.045913 1.000000 0.187988 0.543457 2.966566 1.000000 0.294922 0.710938 2.851239 1.000000 0.323067 0.805544 2.817181 1.000000 -0.291755 0.156086 2.975806 1.000000 -0.345244 -0.374955 3.066761 1.000000 -0.373858 -0.761510 3.133298 1.000000 -0.404663 -0.824480 3.097700 1.000000 -0.140996 0.152504 2.991074 1.000000 -0.134902 -0.391824 3.090999 1.000000 -0.158277 -0.773522 3.175145 1.000000 -0.148856 -0.825760 3.117646 1.000000
6859933455 -0.216365 0.229191 2.992270 1.000000 -0.222133 0.294288 3.045289 1.000000 -0.215633 0.654351 3.029260 1.000000 -0.196028 0.840060 3.013722 1.000000 -0.381718 0.558455 3.006335 1.000000 -0.606875 0.539961 2.843561 1.000000 -0.718130 0.656688 2.705480 1.000000 -0.754979 0.710488 2.664209 1.000000 -0.036805 0.548353 3.045451 1.000000 0.182751 0.523297 2.991866 1.000000 0.361643 0.689888 2.851096 1.000000 0.387318 0.759986 2.831534 1.000000 -0.292008 0.155487 2.974974 1.000000 -0.345196 -0.374994 3.066803 1.000000 -0.373656 -0.761202 3.132776 1.000000 -0.403275 -0.823521 3.097286 1.000000 -0.139735 0.151297 2.988822 1.000000 -0.135115 -0.391486 3.090842 1.000000 -0.158466 -0.771455 3.174411 1.000000 -0.148201 -0.823030 3.113826 1.000000
6859967444 -0.215820 0.229004 2.991302 1.000000 -0.221548 0.294380 3.043664 1.000000 -0.215045 0.653478 3.025107 1.000000 -0.195620 0.840089 3.012426 1.000000 -0.382495 0.557302 3.005823 1.000000 -0.588379 0.482910 2.904068 1.000000 -0.755371 0.596191 2.716474 1.000000 -0.797519 0.639745 2.668706 1.000000 -0.035839 0.547265 3.045600 1.000000 0.186050 0.492603 3.010143 1.000000 0.400474 0.619323 2.878728 1.000000 0.445294 0.679461 2.860573 1.000000 -0.291922 0.154771 2.974269 1.000000 -0.345150 -0.375073 3.066616 1.000000 -0.372559 -0.761578 3.132747 1.000000 -0.404162 -0.823772 3.095252 1.000000 -0.138666 0.150292 2.988212 1.000000 -0.134832 -0.391333 3.090713 1.000000 -0.158422 -0.771215 3.174354 1.000000 -0.149028 -0.823537 3.116388 1.000000
6860000465 -0.215253 0.228102 2.990359 1.000000 -0.221265 0.293638 3.041917 1.000000 -0.215826 0.651828 3.021820 1.000000 -0.195238 0.838996 3.011999 1.000000 -0.383353 0.551744 3.004314 1.000000 -0.571663 0.458936 2.932220 1.000000 -0.724361 0.462408 2.783855 1.000000 -0.772510 0.490161 2.730356 1.000000 -0.035751 0.545324 3.046138 1.000000 0.183285 0.457673 3.030726 1.000000 0.392822 0.501465 2.907880 1.000000 0.455095 0.543312 2.889946 1.000000 -0.291475 0.153110 2.973058 1.000000 -0.345175 -0.375382 3.066712 1.000000 -0.373199 -0.761961 3.132971 1.000000 -0.402674 -0.822629 3.095295 1.000000 -0.137644 0.148914 2.988122 1.000000 -0.134485 -0.390958 3.090567 1.000000 -0.155489 -0.769216 3.172480 1.000000 -0.148752 -0.823348 3.116272 1.000000
6860034287 -0.214556 0.227226 2.989723 1.000000 -0.220765 0.292895 3.040533 1.000000 -0.215703 0.650858 3.020082 1.000000 -0.195454 0.837392 3.008225 1.000000 -0.383866 0.547059 3.003411 1.000000 -0.570024 0.437991 2.945407 1.000000 -0.722688 0.414407 2.799060 1.000000 -0.779918 0.410070 2.747542 1.000000 -0.036032 0.543796 3.046899 1.000000 0.173601 0.429598 3.040212 1.000000 0.395752 0.420898 2.937177 1.000000 0.464111 0.434082 2.898115 1.000000 -0.290931 0.151630 2.972325 1.000000 -0.345158 -0.375712 3.066641 1.000000 -0.373276 -0.761215 3.133438 1.000000 -0.404617 -0.822671 3.100613 1.000000 -0.136649 0.147952 2.988216 1.000000 -0.134408 -0.391059 3.090330 1.000000 -0.155609 -0.770119 3.172367 1.000000 -0.150741 -0.825419 3.123456 1.000000
6860067555 -0.213556 0.226039 2.988582 1.000000 -0.219935 0.291902 3.038732 1.000000 -0.215937 0.650205 3.018367 1.000000 -0.194819 0.836177 3.004742 1.000000 -0.385160 0.542762 3.003394 1.000000 -0.561409 0.396807 2.963815 1.000000 -0.722656 0.350342 2.800458 1.000000 -0.779588 0.345425 2.748703 1.000000 -0.036300 0.542894 3.047383 1.000000 0.141203 0.404181 3.051574 1.000000 0.393780 0.334722 2.952809 1.000000 0.465329 0.327757 2.924949 1.000000 -0.289944 0.149111 2.970945 1.000000 -0.345146 -0.375922 3.066589 1.000000 -0.373390 -0.761216 3.133253 1.000000 -0.406480 -0.824700 3.098790 1.000000 -0.135268 0.147000 2.987780 1.000000 -0.134387 -0.390052 3.089538 1.000000 -0.155622 -0.770082 3.172408 1.000000 -0.147805 -0.824062 3.114774 1.000000
6860100377 -0.213270 0.225709 2.988125 1.000000 -0.219616 0.291755 3.037316 1.000000 -0.216145 0.649069 3.015682 1.000000 -0.194331 0.835455 3.003620 1.000000 -0.385733 0.541600 3.003707 1.000000 -0.559718 0.379597 2.968990 1.000000 -0.701660 0.280029 2.804365 1.000000 -0.758789 0.257813 2.753583 1.000000 -0.035798 0.542262 3.048085 1.000000 0.135522 0.373324 3.050765 1.000000 0.325928 0.268188 2.978193 1.000000 0.418911 0.228067 2.953159 1.000000 -0.289836 0.148294 2.970210 1.000000 -0.345074 -0.376012 3.066652 1.000000 -0.373387 -0.761203 3.133289 1.000000 -0.404899 -0.822673 3.100973 1.000000 -0.134576 0.146166 2.987978 1.000000 -0.134251 -0.390196 3.089151 1.000000 -0.155731 -0.769998 3.172474 1.000000 -0.147690 -0.823929 3.116080 1.000000
6860134367 -0.213004 0.224915 2.987609 1.000000 -0.219718 0.291186 3.036201 1.000000 -0.216336 0.649094 3.015495 1.000000 -0.193737 0.835104 3.002295 1.000000 -0.386122 0.539256 3.002743 1.000000 -0.542597 0.342311 2.977501 1.000000 -0.678223 0.198853 2.800459 1.000000 -0.737411 0.157920 2.772786 1.000000 -0.035893 0.541156 3.049655 1.000000 0.113301 0.352526 3.052124 1.000000 0.285645 0.193848 2.976240 1.000000 0.372962 0.138264 2.963304 1.000000 -0.289590 0.146933 2.969286 1.000000 -0.344797 -0.376597 3.066321 1.000000 -0.374724 -0.765090 3.131932 1.000000 -0.412868 -0.833564 3.082826 1.000000 -0.134173 0.145389 2.987985 1.000000 -0.134216 -0.390154 3.088863 1.000000 -0.155786 -0.770155 3.173005 1.000000 -0.148957 -0.823990 3.117916 1.000000
6860167313 -0.212526 0.222341 2.986821 1.000000 -0.219401 0.288922 3.034809 1.000000 -0.216592 0.648177 3.014837 1.000000 -0.193599 0.834194 3.001680 1.000000 -0.386191 0.537396 3.003247 1.000000 -0.527228 0.331497 2.979184 1.000000 -0.615723 0.167847 2.841475 1.000000 -0.658691 0.105225 2.784834 1.000000 -0.038789 0.535266 3.049864 1.000000 0.096994 0.320061 3.050785 1.000000 0.257568 0.130127 2.980147 1.000000 0.313721 0.066833 2.960615 1.000000 -0.288960 0.144911 2.967867 1.000000 -0.343993 -0.374935 3.064415 1.000000 -0.369856 -0.753031 3.127134 1.000000 -0.410674 -0.816125 3.110446 1.000000 -0.133790 0.142684 2.988627 1.000000 -0.133976 -0.390822 3.088916 1.000000 -0.155750 -0.770132 3.172957 1.000000 -0.149165 -0.825649 3.107710 1.000000
6860200350 -0.212441 0.219386 2.985981 1.000000 -0.219350 0.286449 3.033530 1.000000 -0.216719 0.647623 3.014399 1.000000 -0.193774 0.834111 3.002727 1.000000 -0.385401 0.534929 3.002360 1.000000 -0.506950 0.317726 2.974410 1.000000 -0.565430 0.137817 2.849288 1.000000 -0.591797 0.060394 2.802413 1.000000 -0.039650 0.532458 3.048990 1.000000 0.063261 0.300179 3.048851 1.000000 0.187256 0.092346 2.972335 1.000000 0.224238 0.025880 2.959790 1.000000 -0.288696 0.142989 2.967125 1.000000 -0.343375 -0.376449 3.064323 1.000000 -0.369302 -0.753574 3.127330 1.000000 -0.409379 -0.816494 3.110232 1.000000 -0.134015 0.139962 2.988445 1.000000 -0.134065 -0.393049 3.088997 1.000000 -0.155784 -0.770517 3.172840 1.000000 -0.148529 -0.829558 3.105154 1.000000
6860234023 -0.212319 0.218130 2.985853 1.000000 -0.219395 0.285352 3.033100 1.000000 -0.216890 0.647280 3.014652 1.000000 -0.194001 0.834971 3.007270 1.000000 -0.385291 0.533705 3.001523 1.000000 -0.485942 0.303879 2.970206 1.000000 -0.522949 0.108154 2.845382 1.000000 -0.535645 0.025238 2.798507 1.000000 -0.040762 0.531787 3.049192 1.000000 0.045712 0.294141 3.039916 1.000000 0.130615 0.070923 2.941085 1.000000 0.165894 -0.021011 2.921554 1.000000 -0.288317 0.141900 2.967171 1.000000 -0.341997 -0.380781 3.065390 1.000000 -0.372472 -0.760591 3.131127 1.000000 -0.412204 -0.825138 3.092142 1.000000 -0.134097 0.139352 2.988263 1.000000 -0.134006 -0.392787 3.088871 1.000000 -0.156245 -0.771729 3.173290 1.000000 -0.148609 -0.828142 3.109170 1.000000
6860267230 -0.212172 0.216476 2.985546 1.000000 -0.219435 0.283906 3.032541 1.000000 -0.217037 0.646898 3.014693 1.000000 -0.194130 0.834682 3.007523 1.000000 -0.384642 0.532510 3.000403 1.000000 -0.462812 0.298545 2.969047 1.000000 -0.468262 0.103210 2.829758 1.000000 -0.469971 0.023544 2.800461 1.000000 -0.042200 0.530767 3.049023 1.000000 0.026953 0.287077 3.034175 1.000000 0.066711 0.081177 2.921555 1.000000 0.086025 -0.012455 2.879771 1.000000 -0.287702 0.140550 2.966568 1.000000 -0.342141 -0.382469 3.065117 1.000000 -0.372720 -0.761261 3.131305 1.000000 -0.408603 -0.823472 3.085921 1.000000 -0.134325 0.138394 2.988365 1.000000 -0.133950 -0.394075 3.089263 1.000000 -0.156293 -0.771903 3.173186 1.000000 -0.147170 -0.828422 3.105177 1.000000
6860300253 -0.212151 0.215999 2.985122 1.000000 -0.219489 0.283478 3.031986 1.000000 -0.217071 0.646849 3.014708 1.000000 -0.194378 0.834951 3.008515 1.000000 -0.384221 0.532575 3.000316 1.000000 -0.443315 0.288716 2.967410 1.000000 -0.425856 0.122058 2.833528 1.000000 -0.412598 0.041351 2.806321 1.000000 -0.042998 0.530701 3.049451 1.000000 0.008708 0.280560 3.033430 1.000000 0.026912 0.113453 2.904705 1.000000 0.023806 0.025805 2.848130 1.000000 -0.287426 0.140257 2.966054 1.000000 -0.342154 -0.382818 3.065368 1.000000 -0.372283 -0.761307 3.131040 1.000000 -0.407880 -0.824058 3.083756 1.000000 -0.134528 0.138197 2.988080 1.000000 -0.133790 -0.393613 3.089268 1.000000 -0.157505 -0.771253 3.173587 1.000000 -0.149987 -0.827567 3.127507 1.000000
6860333377 -0.211762 0.215487 2.984001 1.000000 -0.219332 0.283002 3.031067 1.000000 -0.217076 0.646875 3.014717 1.000000 -0.191476 0.834879 3.009482 1.000000 -0.383105 0.533293 2.999471 1.000000 -0.435860 0.291110 2.961919 1.000000 -0.402053 0.128070 2.830887 1.000000 -0.372710 0.071529 2.787388 1.000000 -0.043376 0.529938 3.049298 1.000000 -0.000915 0.283516 3.034990 1.000000 0.000420 0.124580 2.893891 1.000000 -0.020993 0.045881 2.828782 1.000000 -0.286720 0.140267 2.964751 1.000000 -0.342148 -0.382901 3.065509 1.000000 -0.371994 -0.759153 3.129044 1.000000 -0.407087 -0.827226 3.088347 1.000000 -0.134363 0.137713 2.986788 1.000000 -0.133886 -0.393992 3.090046 1.000000 -0.157442 -0.771388 3.173468 1.000000 -0.148324 -0.832507 3.098343 1.000000
6860367106 -0.211224 0.214823 2.982358 1.000000 -0.219043 0.282257 3.029858 1.000000 -0.216956 0.646831 3.014736 1.000000 -0.190598 0.834619 3.009449 1.000000 -0.381535 0.533665 2.998298 1.000000 -0.434380 0.301318 2.960478 1.000000 -0.378875 0.145243 2.828251 1.000000 -0.353715 0.119864 2.788862 1.000000 -0.043701 0.529584 3.049199 1.000000 -0.005823 0.304777 3.036244 1.000000 -0.015783 0.153489 2.886514 1.000000 -0.042297 0.106079 2.790697 1.000000 -0.285763 0.140250 2.962822 1.000000 -0.342500 -0.379589 3.065095 1.000000 -0.365998 -0.749277 3.126977 1.000000 -0.407287 -0.819040 3.099194 1.000000 -0.134265 0.137288 2.984909 1.000000 -0.133615 -0.393362 3.090190 1.000000 -0.157450 -0.771470 3.173578 1.000000 -0.148619 -0.829281 3.103467 1.000000
6860401473 -0.211065 0.214394 2.982070 1.000000 -0.219061 0.281857 3.029739 1.000000 -0.216813 0.646840 3.014886 1.000000 -0.190393 0.834476 3.009397 1.000000 -0.380844 0.533747 2.997241 1.000000 -0.433709 0.305090 2.958219 1.000000 -0.371002 0.172478 2.803208 1.000000 -0.325708 0.116600 2.727609 1.000000 -0.043854 0.529568 3.049260 1.000000 -0.006664 0.311545 3.031771 1.000000 -0.028047 0.188743 2.856974 1.000000 -0.062831 0.143449 2.769638 1.000000 -0.285515 0.140066 2.962680 1.000000 -0.342535 -0.380163 3.065701 1.000000 -0.367445 -0.753132 3.128651 1.000000 -0.406395 -0.820050 3.099226 1.000000 -0.134335 0.136964 2.984445 1.000000 -0.134111 -0.395003 3.091180 1.000000 -0.157341 -0.771827 3.173759 1.000000 -0.147363 -0.829871 3.100368 1.000000
6860434250 -0.210842 0.214190 2.982367 1.000000 -0.218948 0.281681 3.030051 1.000000 -0.216717 0.646820 3.015008 1.000000 -0.190174 0.834715 3.011045 1.000000 -0.380187 0.533798 2.997046 1.000000 -0.435277 0.309506 2.953408 1.000000 -0.346358 0.191645 2.773226 1.000000 -0.316719 0.152358 2.717755 1.000000 -0.043781 0.529346 3.049502 1.000000 -0.002910 0.315931 3.029443 1.000000 -0.052642 0.203152 2.832096 1.000000 -0.073669 0.182007 2.732105 1.000000 -0.284786 0.139874 2.963629 1.000000 -0.342460 -0.379194 3.066321 1.000000 -0.367938 -0.753319 3.128864 1.000000 -0.404650 -0.819096 3.098454 1.000000 -0.134329 0.136915 2.984514 1.000000 -0.134159 -0.393630 3.091195 1.000000 -0.157095 -0.770865 3.172748 1.000000 -0.148777 -0.826018 3.109575 1.000000
6860467326 -0.210643 0.214071 2.982493 1.000000 -0.218854 0.281579 3.030221 1.000000 -0.216679 0.646875 3.015111 1.000000 -0.190535 0.834978 3.012177 1.000000 -0.379539 0.533723 2.996619 1.000000 -0.438172 0.326972 2.945824 1.000000 -0.368746 0.200220 2.788653 1.000000 -0.319058 0.150417 2.711639 1.000000 -0.043727 0.529532 3.049428 1.000000 0.002174 0.321915 3.025159 1.000000 -0.059082 0.200081 2.834211 1.000000 -0.076391 0.199998 2.726058 1.000000 -0.283832 0.139711 2.964390 1.000000 -0.342466 -0.378923 3.066639 1.000000 -0.367997 -0.753305 3.128860 1.000000 -0.404235 -0.819118 3.098543 1.000000 -0.134339 0.136914 2.984499 1.000000 -0.134346 -0.393339 3.090458 1.000000 -0.156870 -0.771330 3.172638 1.000000 -0.150624 -0.826073 3.115725 1.000000
6860501498 -0.210410 0.213656 2.982957 1.000000 -0.218696 0.281284 3.030660 1.000000 -0.216741 0.647008 3.015448 1.000000 -0.190723 0.834715 3.011155 1.000000 -0.379497 0.533686 2.996587 1.000000 -0.440614 0.332041 2.944243 1.000000 -0.376056 0.227653 2.768073 1.000000 -0.317110 0.188011 2.691664 1.000000 -0.043674 0.529524 3.049393 1.000000 0.005388 0.325441 3.016471 1.000000 -0.042084 0.253418 2.778984 1.000000 -0.081553 0.215239 2.710507 1.000000 -0.282709 0.139066 2.965427 1.000000 -0.342690 -0.378922 3.066728 1.000000 -0.367178 -0.753450 3.128583 1.000000 -0.405100 -0.819583 3.099720 1.000000 -0.134550 0.136572 2.984736 1.000000 -0.134365 -0.393273 3.090262 1.000000 -0.156719 -0.769822 3.172812 1.000000 -0.147605 -0.825027 3.109692 1.000000
6860533336 -0.210447 0.213538 2.983420 1.000000 -0.218721 0.280959 3.031550 1.000000 -0.216637 0.647938 3.018187 1.000000 -0.189984 0.835006 3.012034 1.000000 -0.379393 0.533654 2.996785 1.000000 -0.442236 0.334420 2.943503 1.000000 -0.376768 0.228196 2.768930 1.000000 -0.320990 0.193919 2.687658 1.000000 -0.043550 0.528977 3.049283 1.000000 0.006322 0.324466 3.000283 1.000000 -0.056380 0.250012 2.786602 1.000000 -0.081549 0.220125 2.706354 1.000000 -0.282410 0.139049 2.965949 1.000000 -0.343195 -0.378765 3.066133 1.000000 -0.367269 -0.753231 3.128450 1.000000 -0.400978 -0.817960 3.095514 1.000000 -0.135150 0.136397 2.984999 1.000000 -0.135001 -0.394312 3.090120 1.000000 -0.156794 -0.770232 3.173091 1.000000 -0.144409 -0.826772 3.093169 1.000000
6860567203 -0.210503 0.213406 2.983622 1.000000 -0.218800 0.280744 3.032066 1.000000 -0.216539 0.647736 3.018686 1.000000 -0.186014 0.835520 3.018471 1.000000 -0.379304 0.533611 2.996826 1.000000 -0.445883 0.338037 2.943394 1.000000 -0.349677 0.240691 2.754432 1.000000 -0.316286 0.206904 2.693628 1.000000 -0.043656 0.529017 3.049338 1.000000 0.012179 0.323657 2.990829 1.000000 -0.054863 0.250292 2.778195 1.000000 -0.081136 0.221540 2.700262 1.000000 -0.282171 0.138963 2.966373 1.000000 -0.343240 -0.378803 3.066214 1.000000 -0.367307 -0.753730 3.125776 1.000000 -0.405454 -0.826036 3.102003 1.000000 -0.135836 0.136348 2.984999 1.000000 -0.135349 -0.393045 3.089669 1.000000 -0.156858 -0.770221 3.173232 1.000000 -0.145661 -0.823559 3.103867 1.000000
6860601286 -0.210786 0.213405 2.984025 1.000000 -0.219074 0.280658 3.032913 1.000000 -0.216520 0.648488 3.020179 1.000000 -0.185724 0.835752 3.018230 1.000000 -0.379430 0.533666 2.997278 1.000000 -0.447549 0.339913 2.944241 1.000000 -0.382768 0.232739 2.770092 1.000000 -0.328249 0.199358 2.687513 1.000000 -0.043573 0.528598 3.049638 1.000000 0.013964 0.324004 2.990297 1.000000 -0.036599 0.243944 2.782147 1.000000 -0.078501 0.221359 2.698437 1.000000 -0.282336 0.139042 2.966693 1.000000 -0.343375 -0.378284 3.065973 1.000000 -0.367378 -0.753071 3.125666 1.000000 -0.403771 -0.823176 3.101840 1.000000 -0.136546 0.136175 2.985236 1.000000 -0.135265 -0.392200 3.089060 1.000000 -0.157201 -0.771735 3.174039 1.000000 -0.152345 -0.827533 3.127332 1.000000
6860634062 -0.211107 0.213660 2.984165 1.000000 -0.219350 0.280774 3.033541 1.000000 -0.216560 0.648906 3.021149 1.000000 -0.185691 0.836979 3.023390 1.000000 -0.379628 0.533668 2.997298 1.000000 -0.448515 0.340918 2.945108 1.000000 -0.387658 0.236538 2.767651 1.000000 -0.335439 0.204037 2.683209 1.000000 -0.043469 0.528358 3.049353 1.000000 0.013996 0.323749 2.989510 1.000000 -0.050611 0.249465 2.776500 1.000000 -0.075733 0.220579 2.699027 1.000000 -0.282999 0.139402 2.966766 1.000000 -0.343572 -0.378139 3.065972 1.000000 -0.367714 -0.752831 3.126706 1.000000 -0.404487 -0.821645 3.105650 1.000000 -0.136789 0.136266 2.985176 1.000000 -0.135417 -0.392012 3.088940 1.000000 -0.157163 -0.771590 3.173885 1.000000 -0.150371 -0.822689 3.122313 1.000000
6860668513 -0.211484 0.213881 2.984371 1.000000 -0.219647 0.280919 3.034010 1.000000 -0.216627 0.648907 3.021046 1.000000 -0.185365 0.836773 3.023026 1.000000 -0.379671 0.533586 2.997658 1.000000 -0.449143 0.341312 2.944218 1.000000 -0.394192 0.236280 2.765135 1.000000 -0.339658 0.202950 2.682506 1.000000 -0.043486 0.528327 3.049525 1.000000 0.013884 0.324050 2.991653 1.000000 -0.031947 0.237414 2.788701 1.000000 -0.075165 0.212403 2.700578 1.000000 -0.283471 0.139644 2.966867 1.000000 -0.344028 -0.379549 3.066303 1.000000 -0.369337 -0.755600 3.128288 1.000000 -0.407623 -0.823928 3.115257 1.000000 -0.137318 0.136478 2.985556 1.000000 -0.135519 -0.392076 3.089088 1.000000 -0.157185 -0.771619 3.174156 1.000000 -0.149575 -0.821096 3.118857 1.000000
6860700525 -0.211747 0.213894 2.984569 1.000000 -0.219917 0.280921 3.034557 1.000000 -0.216682 0.649264 3.021451 1.000000 -0.184900 0.836555 3.021560 1.000000 -0.379852 0.533660 2.997790 1.000000 -0.450974 0.341216 2.944781 1.000000 -0.394260 0.240242 2.763812 1.000000 -0.339847 0.206189 2.681355 1.000000 -0.043444 0.528299 3.049687 1.000000 0.013897 0.324106 2.992022 1.000000 -0.049196 0.245154 2.780412 1.000000 -0.074813 0.213099 2.700090 1.000000 -0.283622 0.139604 2.967049 1.000000 -0.344071 -0.381314 3.067426 1.000000 -0.369248 -0.755764 3.128703 1.000000 -0.407852 -0.823761 3.114849 1.000000 -0.137961 0.136452 2.985609 1.000000 -0.135639 -0.391932 3.088983 1.000000 -0.157513 -0.771270 3.174109 1.000000 -0.147956 -0.820890 3.115795 1.000000
6860734371 -0.211821 0.213867 2.984588 1.000000 -0.220021 0.280867 3.034879 1.000000 -0.216671 0.649268 3.021504 1.000000 -0.184692 0.836415 3.021503 1.000000 -0.379787 0.533661 2.997873 1.000000 -0.452637 0.340756 2.945615 1.000000 -0.393503 0.241106 2.764728 1.000000 -0.340041 0.205500 2.682262 1.000000 -0.043435 0.528247 3.049833 1.000000 0.014131 0.324444 2.992797 1.000000 -0.038121 0.229397 2.800270 1.000000 -0.074908 0.213605 2.699972 1.000000 -0.283622 0.139586 2.967019 1.000000 -0.344452 -0.381762 3.067705 1.000000 -0.369580 -0.756482 3.130111 1.000000 -0.407931 -0.823302 3.114098 1.000000 -0.138401 0.136427 2.985650 1.000000 -0.136189 -0.391976 3.089245 1.000000 -0.157465 -0.771163 3.173963 1.000000 -0.148224 -0.821086 3.118226 1.000000
6860768275 -0.211927 0.213648 2.984626 1.000000 -0.220148 0.280667 3.035141 1.000000 -0.216688 0.649113 3.021345 1.000000 -0.184756 0.836240 3.021622 1.000000 -0.379734 0.533662 2.997870 1.000000 -0.453069 0.340547 2.945571 1.000000 -0.392955 0.241113 2.764940 1.000000 -0.339149 0.205148 2.682814 1.000000 -0.043467 0.528249 3.049852 1.000000 0.013243 0.325668 2.995528 1.000000 -0.043111 0.228668 2.798422 1.000000 -0.076325 0.215212 2.697780 1.000000 -0.283562 0.139501 2.967092 1.000000 -0.344703 -0.380751 3.067737 1.000000 -0.369312 -0.755922 3.130178 1.000000 -0.405124 -0.819973 3.107481 1.000000 -0.138915 0.136090 2.985610 1.000000 -0.136624 -0.392817 3.089543 1.000000 -0.157636 -0.771102 3.173573 1.000000 -0.146734 -0.824413 3.103624 1.000000
6860801290 -0.212135 0.213553 2.984717 1.000000 -0.220302 0.280535 3.035472 1.000000 -0.216725 0.648948 3.021450 1.000000 -0.184011 0.834694 3.016222 1.000000 -0.379508 0.533906 2.998230 1.000000 -0.453830 0.340550 2.945519 1.000000 -0.392395 0.241764 2.765022 1.000000 -0.339106 0.205118 2.682816 1.000000 -0.043579 0.527752 3.049701 1.000000 0.013218 0.325549 2.995673 1.000000 -0.043321 0.228585 2.798577 1.000000 -0.076589 0.215478 2.697711 1.000000 -0.283806 0.139492 2.967128 1.000000 -0.344873 -0.380697 3.067417 1.000000 -0.369791 -0.756583 3.129713 1.000000 -0.403468 -0.821943 3.105412 1.000000 -0.139116 0.136020 2.985680 1.000000 -0.136671 -0.392773 3.089540 1.000000 -0.157609 -0.771077 3.173497 1.000000 -0.146397 -0.822997 3.111164 1.000000
6860834211 -0.212268 0.213539 2.984830 1.000000 -0.220409 0.280462 3.035745 1.000000 -0.216457 0.648096 3.021395 1.000000 -0.184359 0.833817 3.015508 1.000000 -0.379577 0.533995 2.998300 1.000000 -0.454498 0.340121 2.946000 1.000000 -0.392391 0.242300 2.765220 1.000000 -0.339899 0.205588 2.682488 1.000000 -0.043747 0.527757 3.049741 1.000000 0.012060 0.325961 2.996026 1.000000 -0.043973 0.228899 2.798573 1.000000 -0.076726 0.216079 2.697396 1.000000 -0.284022 0.139503 2.967320 1.000000 -0.345343 -0.381857 3.068593 1.000000 -0.368934 -0.757105 3.129852 1.000000 -0.418888 -0.833324 3.092182 1.000000 -0.139296 0.136043 2.985742 1.000000 -0.136732 -0.392729 3.089629 1.000000 -0.157967 -0.771495 3.173728 1.000000 -0.147176 -0.823041 3.112559 1.000000
6860868277 -0.212451 0.213496 2.984938 1.000000 -0.220653 0.280292 3.036130 1.000000 -0.216620 0.647775 3.022081 1.000000 -0.183724 0.833146 3.015236 1.000000 -0.380159 0.533959 2.998681 1.000000 -0.455834 0.340156 2.945861 1.000000 -0.397656 0.240192 2.764973 1.000000 -0.344340 0.203904 2.682589 1.000000 -0.043908 0.527209 3.050316 1.000000 0.010029 0.327615 2.998660 1.000000 -0.044983 0.228520 2.799575 1.000000 -0.076577 0.216674 2.697825 1.000000 -0.284109 0.139443 2.967337 1.000000 -0.345443 -0.380721 3.067835 1.000000 -0.366678 -0.757582 3.129181 1.000000 -0.409475 -0.830101 3.089746 1.000000 -0.139634 0.135927 2.985775 1.000000 -0.136639 -0.392164 3.089608 1.000000 -0.157928 -0.770981 3.173929 1.000000 -0.144146 -0.821321 3.114355 1.000000
6860901144 -0.212562 0.213418 2.985028 1.000000 -0.220768 0.280197 3.036422 1.000000 -0.216679 0.647744 3.022122 1.000000 -0.184015 0.832967 3.014421 1.000000 -0.380227 0.533987 2.998722 1.000000 -0.456186 0.340453 2.945587 1.000000 -0.398383 0.238155 2.766025 1.000000 -0.346631 0.201458 2.682836 1.000000 -0.044030 0.527245 3.050208 1.000000 0.009666 0.327965 2.998782 1.000000 -0.046208 0.227429 2.803100 1.000000 -0.076448 0.216936 2.698393 1.000000 -0.284121 0.139382 2.967435 1.000000 -0.345494 -0.380946 3.067846 1.000000 -0.367014 -0.757538 3.127780 1.000000 -0.406329 -0.825493 3.094135 1.000000 -0.139893 0.135851 2.985800 1.000000 -0.136593 -0.392117 3.089606 1.000000 -0.157846 -0.770758 3.173762 1.000000 -0.150047 -0.823662 3.124125 1.000000
6860934064 -0.212648 0.213234 2.985318 1.000000 -0.220879 0.279775 3.037053 1.000000 -0.216427 0.647143 3.023749 1.000000 -0.184275 0.832080 3.014515 1.000000 -0.380306 0.534016 2.998765 1.000000 -0.456703 0.340333 2.945331 1.000000 -0.368056 0.246576 2.751034 1.000000 -0.337164 0.213903 2.688128 1.000000 -0.044160 0.527120 3.050355 1.000000 0.008212 0.327520 3.001472 1.000000 -0.045867 0.225756 2.807867 1.000000 -0.075557 0.217130 2.703699 1.000000 -0.284077 0.139249 2.967495 1.000000 -0.345746 -0.380503 3.067655 1.000000 -0.367549 -0.757412 3.127679 1.000000 -0.404581 -0.823640 3.093565 1.000000 -0.140227 0.135662 2.986103 1.000000 -0.136473 -0.391739 3.089161 1.000000 -0.157740 -0.770828 3.173873 1.000000 -0.149997 -0.823667 3.123918 1.000000
6860968392 -0.212811 0.213428 2.985641 1.000000 -0.221144 0.280011 3.037521 1.000000 -0.216507 0.647704 3.023881 1.000000 -0.184399 0.832635 3.014475 1.000000 -0.380749 0.534558 2.998862 1.000000 -0.458306 0.340832 2.944936 1.000000 -0.395451 0.239409 2.766757 1.000000 -0.343690 0.204261 2.682921 1.000000 -0.044478 0.527148 3.051100 1.000000 0.008180 0.327550 3.001833 1.000000 -0.040078 0.228502 2.810985 1.000000 -0.075216 0.216194 2.707121 1.000000 -0.284353 0.139490 2.967686 1.000000 -0.345644 -0.380637 3.067673 1.000000 -0.368406 -0.757786 3.129460 1.000000 -0.403945 -0.822883 3.093850 1.000000 -0.140285 0.135735 2.986550 1.000000 -0.136554 -0.393748 3.090503 1.000000 -0.157808 -0.771710 3.173272 1.000000 -0.149477 -0.830390 3.110508 1.000000
6861001289 -0.212931 0.213578 2.986120 1.000000 -0.221368 0.280110 3.038184 1.000000 -0.216678 0.647729 3.024405 1.000000 -0.187033 0.833638 3.017504 1.000000 -0.381397 0.534934 2.998709 1.000000 -0.458782 0.340653 2.944757 1.000000 -0.389286 0.238884 2.769531 1.000000 -0.338681 0.204198 2.684810 1.000000 -0.045003 0.527401 3.051473 1.000000 0.008115 0.328111 3.003801 1.000000 -0.037666 0.229232 2.814100 1.000000 -0.075450 0.213019 2.711498 1.000000 -0.284443 0.139532 2.967802 1.000000 -0.345936 -0.380878 3.067522 1.000000 -0.369518 -0.758810 3.130437 1.000000 -0.402738 -0.822984 3.097627 1.000000 -0.140317 0.135910 2.987289 1.000000 -0.136600 -0.394985 3.090962 1.000000 -0.157904 -0.772155 3.173312 1.000000 -0.146982 -0.827431 3.092408 1.000000
6861034135 -0.213145 0.213840 2.986322 1.000000 -0.221463 0.280328 3.038538 1.000000 -0.216516 0.647950 3.024615 1.000000 -0.187891 0.833829 3.017363 1.000000 -0.381966 0.535544 2.999415 1.000000 -0.459078 0.340896 2.944399 1.000000 -0.388145 0.237701 2.770750 1.000000 -0.338346 0.203124 2.685515 1.000000 -0.045249 0.527807 3.051769 1.000000 0.007724 0.327981 3.007532 1.000000 -0.040812 0.227787 2.822426 1.000000 -0.073446 0.208276 2.721159 1.000000 -0.284935 0.139819 2.968020 1.000000 -0.346145 -0.381015 3.067553 1.000000 -0.368264 -0.759418 3.132128 1.000000 -0.402085 -0.822314 3.099669 1.000000 -0.140435 0.136105 2.987386 1.000000 -0.136747 -0.394426 3.090794 1.000000 -0.157851 -0.771422 3.173357 1.000000 -0.142517 -0.821562 3.112524 1.000000
6861068346 -0.213544 0.214010 2.986362 1.000000 -0.221790 0.280401 3.038716 1.000000 -0.216653 0.647791 3.024640 1.000000 -0.189827 0.833647 3.016624 1.000000 -0.382912 0.535627 2.999714 1.000000 -0.459054 0.340886 2.944365 1.000000 -0.382789 0.236198 2.774220 1.000000 -0.333684 0.202198 2.688359 1.000000 -0.045914 0.528714 3.052154 1.000000 0.006791 0.327249 3.011503 1.000000 -0.038650 0.226318 2.816746 1.000000 -0.074992 0.198044 2.720826 1.000000 -0.285590 0.139968 2.967915 1.000000 -0.346253 -0.381179 3.067723 1.000000 -0.369379 -0.759773 3.131909 1.000000 -0.400451 -0.820286 3.097599 1.000000 -0.140684 0.136189 2.987421 1.000000 -0.136785 -0.394116 3.090684 1.000000 -0.157809 -0.771592 3.174690 1.000000 -0.149112 -0.822609 3.123415 1.000000
6861101287 -0.213709 0.214044 2.986598 1.000000 -0.222023 0.280391 3.039078 1.000000 -0.216557 0.647719 3.025017 1.000000 -0.189964 0.833883 3.017927 1.000000 -0.383391 0.535456 2.999237 1.000000 -0.459413 0.339877 2.944782 1.000000 -0.385978 0.234428 2.773836 1.000000 -0.334125 0.197788 2.690709 1.000000 -0.046313 0.529251 3.052408 1.000000 0.005418 0.326437 3.013203 1.000000 -0.049451 0.201944 2.786329 1.000000 -0.079741 0.183323 2.717676 1.000000 -0.285937 0.139937 2.968069 1.000000 -0.346150 -0.381252 3.067427 1.000000 -0.369707 -0.762520 3.134205 1.000000 -0.408260 -0.826946 3.086912 1.000000 -0.140769 0.136241 2.987632 1.000000 -0.136914 -0.392255 3.090439 1.000000 -0.157826 -0.771017 3.175024 1.000000 -0.146816 -0.820605 3.122810 1.000000
6861134267 -0.213913 0.214142 2.986498 1.000000 -0.222200 0.280419 3.039099 1.000000 -0.216698 0.647455 3.024853 1.000000 -0.190300 0.833525 3.017665 1.000000 -0.383698 0.535514 2.999436 1.000000 -0.459254 0.339404 2.944384 1.000000 -0.378637 0.222009 2.785966 1.000000 -0.340304 0.191185 2.739645 1.000000 -0.046591 0.529293 3.052557 1.000000 0.003754 0.325939 3.018545 1.000000 -0.053590 0.192343 2.793463 1.000000 -0.086085 0.145402 2.741357 1.000000 -0.286363 0.140123 2.967901 1.000000 -0.346280 -0.380758 3.067280 1.000000 -0.369834 -0.758041 3.132518 1.000000 -0.409239 -0.821567 3.103607 1.000000 -0.140858 0.136291 2.987525 1.000000 -0.137046 -0.392209 3.090643 1.000000 -0.157852 -0.771016 3.175158 1.000000 -0.146911 -0.820570 3.122912 1.000000
6861168264 -0.214055 0.214284 2.986142 1.000000 -0.222452 0.280493 3.038849 1.000000 -0.217210 0.647220 3.024397 1.000000 -0.194273 0.833948 3.018355 1.000000 -0.384059 0.535483 2.999449 1.000000 -0.458732 0.337324 2.943721 1.000000 -0.377078 0.209891 2.794728 1.000000 -0.322279 0.137262 2.743118 1.000000 -0.047012 0.529786 3.053019 1.000000 0.003862 0.325450 3.020114 1.000000 -0.050232 0.172729 2.839570 1.000000 -0.080097 0.132873 2.758653 1.000000 -0.286813 0.140206 2.967056 1.000000 -0.346364 -0.381000 3.067185 1.000000 -0.370079 -0.757129 3.131587 1.000000 -0.407286 -0.821100 3.102739 1.000000 -0.140754 0.136409 2.987326 1.000000 -0.136910 -0.392946 3.090988 1.000000 -0.158021 -0.771193 3.175050 1.000000 -0.146258 -0.824395 3.111187 1.000000
6861200625 -0.214265 0.214482 2.985650 1.000000 -0.222604 0.280576 3.038564 1.000000 -0.217202 0.647227 3.024357 1.000000 -0.194479 0.833959 3.018594 1.000000 -0.384290 0.535461 2.999457 1.000000 -0.455344 0.330282 2.942740 1.000000 -0.361572 0.154175 2.798554 1.000000 -0.316806 0.113911 2.750050 1.000000 -0.047345 0.530006 3.052955 1.000000 0.003861 0.324661 3.022640 1.000000 -0.038028 0.167889 2.857947 1.000000 -0.077690 0.097579 2.791423 1.000000 -0.287559 0.140423 2.966144 1.000000 -0.346418 -0.381459 3.067257 1.000000 -0.371638 -0.758834 3.132715 1.000000 -0.406136 -0.820816 3.102210 1.000000 -0.140680 0.136678 2.986789 1.000000 -0.136900 -0.392056 3.091309 1.000000 -0.157443 -0.771032 3.174325 1.000000 -0.146817 -0.824375 3.111398 1.000000
6861234185 -0.214677 0.214624 2.983749 1.000000 -0.222955 0.280392 3.037329 1.000000 -0.217151 0.647117 3.024386 1.000000 -0.194540 0.833910 3.019164 1.000000 -0.384438 0.535350 2.999126 1.000000 -0.455148 0.327131 2.943871 1.000000 -0.369167 0.144952 2.808319 1.000000 -0.334902 0.077554 2.792208 1.000000 -0.047401 0.530058 3.053178 1.000000 0.004052 0.321741 3.024948 1.000000 -0.047913 0.128414 2.875589 1.000000 -0.077515 0.053406 2.829804 1.000000 -0.289272 0.140522 2.962551 1.000000 -0.346474 -0.381466 3.067404 1.000000 -0.371677 -0.760234 3.134314 1.000000 -0.404747 -0.821155 3.102752 1.000000 -0.140357 0.136833 2.984612 1.000000 -0.136625 -0.389392 3.090392 1.000000 -0.156438 -0.766823 3.173552 1.000000 -0.144948 -0.820198 3.116330 1.000000
6861268219 -0.214802 0.214630 2.982810 1.000000 -0.223296 0.280287 3.036575 1.000000 -0.217259 0.647084 3.024313 1.000000 -0.194664 0.833815 3.019184 1.000000 -0.384663 0.534683 2.998337 1.000000 -0.451790 0.317936 2.947115 1.000000 -0.380754 0.119925 2.831537 1.000000 -0.349940 0.049424 2.824235 1.000000 -0.047568 0.530132 3.053702 1.000000 -0.003410 0.308156 3.024018 1.000000 -0.049596 0.100890 2.886184 1.000000 -0.074994 0.033523 2.858081 1.000000 -0.289767 0.140469 2.961745 1.000000 -0.346805 -0.381956 3.067686 1.000000 -0.371097 -0.760057 3.133870 1.000000 -0.404341 -0.820977 3.104946 1.000000 -0.139750 0.136999 2.983073 1.000000 -0.136520 -0.389064 3.090308 1.000000 -0.157074 -0.765699 3.174240 1.000000 -0.144860 -0.819807 3.118555 1.000000
6861301142 -0.215066 0.215191 2.982065 1.000000 -0.223588 0.280773 3.036003 1.000000 -0.217319 0.647752 3.024387 1.000000 -0.193560 0.834413 3.019902 1.000000 -0.384823 0.534834 2.998128 1.000000 -0.450278 0.314124 2.947674 1.000000 -0.386065 0.100894 2.859043 1.000000 -0.370075 0.025423 2.854467 1.000000 -0.047502 0.530113 3.053841 1.000000 -0.004857 0.305325 3.027350 1.000000 -0.046691 0.088551 2.904663 1.000000 -0.076423 -0.007812 2.877043 1.000000 -0.290529 0.141165 2.960549 1.000000 -0.346934 -0.381886 3.067385 1.000000 -0.371284 -0.759637 3.132783 1.000000 -0.401974 -0.819158 3.101524 1.000000 -0.139664 0.137272 2.982542 1.000000 -0.136516 -0.389208 3.090107 1.000000 -0.157062 -0.766362 3.174657 1.000000 -0.145042 -0.820319 3.118599 1.000000
6861334140 -0.215115 0.215287 2.981963 1.000000 -0.223893 0.280885 3.035868 1.000000 -0.218890 0.647518 3.023771 1.000000 -0.194939 0.834357 3.020489 1.000000 -0.385241 0.533862 2.997009 1.000000 -0.449400 0.303047 2.952178 1.000000 -0.394258 0.098009 2.872254 1.000000 -0.377930 -0.004520 2.878630 1.000000 -0.047555 0.530155 3.053856 1.000000 -0.007673 0.296733 3.028112 1.000000 -0.032132 0.079545 2.946966 1.000000 -0.049896 -0.010414 2.931365 1.000000 -0.290547 0.141142 2.960420 1.000000 -0.346951 -0.381795 3.067142 1.000000 -0.370874 -0.758401 3.132089 1.000000 -0.401598 -0.819313 3.100722 1.000000 -0.139511 0.137476 2.982567 1.000000 -0.136530 -0.389184 3.090145 1.000000 -0.157053 -0.766966 3.175001 1.000000 -0.145085 -0.820675 3.118812 1.000000
6861368214 -0.215139 0.215575 2.982195 1.000000 -0.224003 0.281090 3.036008 1.000000 -0.218971 0.647484 3.023603 1.000000 -0.195025 0.834091 3.019703 1.000000 -0.386198 0.533301 2.996492 1.000000 -0.449192 0.294174 2.960209 1.000000 -0.401982 0.089783 2.885941 1.000000 -0.380247 0.001037 2.881483 1.000000 -0.047524 0.530246 3.053992 1.000000 -0.009595 0.288886 3.032773 1.000000 -0.019305 0.092920 2.967383 1.000000 -0.037465 0.013616 2.952382 1.000000 -0.290609 0.141168 2.960567 1.000000 -0.347247 -0.382398 3.067477 1.000000 -0.370848 -0.758297 3.132019 1.000000 -0.401197 -0.820294 3.106142 1.000000 -0.139242 0.137762 2.983254 1.000000 -0.136222 -0.389420 3.090080 1.000000 -0.157074 -0.767222 3.175046 1.000000 -0.146366 -0.821574 3.119194 1.000000
6861401157 -0.215045 0.215743 2.982674 1.000000 -0.224056 0.281396 3.036201 1.000000 -0.219122 0.647731 3.022160 1.000000 -0.194897 0.834259 3.017921 1.000000 -0.386665 0.533145 2.996409 1.000000 -0.449283 0.292705 2.965644 1.000000 -0.418149 0.096491 2.910686 1.000000 -0.388057 -0.001229 2.888738 1.000000 -0.047831 0.530461 3.054443 1.000000 -0.010260 0.284647 3.036914 1.000000 -0.019428 0.086931 2.978533 1.000000 -0.037495 0.008002 2.963233 1.000000 -0.290493 0.141058 2.961367 1.000000 -0.348125 -0.384488 3.067996 1.000000 -0.372090 -0.761278 3.132181 1.000000 -0.417632 -0.834176 3.086014 1.000000 -0.138779 0.138096 2.984851 1.000000 -0.136058 -0.389496 3.090337 1.000000 -0.157093 -0.767998 3.175118 1.000000 -0.145976 -0.821547 3.118990 1.000000
6861434049 -0.215142 0.215933 2.983479 1.000000 -0.224236 0.281692 3.036747 1.000000 -0.219171 0.647946 3.022085 1.000000 -0.193679 0.834461 3.018846 1.000000 -0.386877 0.533111 2.996201 1.000000 -0.449729 0.284960 2.974720 1.000000 -0.422059 0.088158 2.919999 1.000000 -0.411409 0.014242 2.900090 1.000000 -0.047791 0.530853 3.054836 1.000000 -0.010730 0.280036 3.042000 1.000000 -0.014308 0.079083 3.000335 1.000000 -0.026863 -0.009342 2.978034 1.000000 -0.290603 0.141158 2.962563 1.000000 -0.348209 -0.384521 3.067994 1.000000 -0.371956 -0.760853 3.131812 1.000000 -0.407098 -0.826094 3.094681 1.000000 -0.138803 0.138072 2.985978 1.000000 -0.136295 -0.391210 3.090529 1.000000 -0.157081 -0.768592 3.175174 1.000000 -0.146217 -0.831333 3.100056 1.000000
6861468319 -0.215308 0.216286 2.984248 1.000000 -0.224337 0.282127 3.036983 1.000000 -0.219139 0.647499 3.020462 1.000000 -0.193417 0.833521 3.015650 1.000000 -0.387142 0.533118 2.996308 1.000000 -0.451894 0.283765 2.981143 1.000000 -0.424939 0.086312 2.925885 1.000000 -0.415154 0.013251 2.902676 1.000000 -0.047702 0.530881 3.055074 1.000000 -0.010746 0.276682 3.045228 1.000000 -0.013886 0.075862 3.002417 1.000000 -0.024690 -0.017194 2.983285 1.000000 -0.290863 0.141306 2.963403 1.000000 -0.348838 -0.384318 3.067755 1.000000 -0.369783 -0.759755 3.130114 1.000000 -0.406691 -0.827034 3.101559 1.000000 -0.138906 0.138151 2.987988 1.000000 -0.136321 -0.391246 3.090556 1.000000 -0.157279 -0.768768 3.175207 1.000000 -0.149558 -0.826182 3.119914 1.000000
6861501292 -0.215551 0.216373 2.984987 1.000000 -0.224428 0.282418 3.037092 1.000000 -0.219100 0.647423 3.019416 1.000000 -0.193340 0.833271 3.013741 1.000000 -0.387651 0.533177 2.996444 1.000000 -0.456964 0.284810 2.989398 1.000000 -0.431217 0.086354 2.928638 1.000000 -0.428164 -0.006843 2.904469 1.000000 -0.047651 0.530810 3.055126 1.000000 -0.010490 0.274853 3.048209 1.000000 -0.008563 0.065731 2.997993 1.000000 -0.010898 -0.023980 2.975764 1.000000 -0.291330 0.141104 2.964607 1.000000 -0.349015 -0.384205 3.067767 1.000000 -0.369257 -0.758984 3.129281 1.000000 -0.402866 -0.822017 3.097752 1.000000 -0.139112 0.137950 2.989299 1.000000 -0.136204 -0.391305 3.091019 1.000000 -0.156841 -0.769336 3.175021 1.000000 -0.149543 -0.826279 3.120410 1.000000
6861534204 -0.215854 0.216424 2.985399 1.000000 -0.224641 0.282660 3.036868 1.000000 -0.219506 0.646484 3.017841 1.000000 -0.193384 0.832640 3.013434 1.000000 -0.388159 0.533445 2.996571 1.000000 -0.458758 0.285043 2.992866 1.000000 -0.440337 0.088000 2.931563 1.000000 -0.429916 -0.006736 2.905571 1.000000 -0.047702 0.530904 3.055635 1.000000 -0.009138 0.272803 3.050997 1.000000 -0.002727 0.057072 2.997892 1.000000 -0.008462 -0.026403 2.978903 1.000000 -0.291955 0.141056 2.966034 1.000000 -0.349395 -0.384581 3.067995 1.000000 -0.369615 -0.759035 3.127845 1.000000 -0.403733 -0.821816 3.101456 1.000000 -0.139269 0.137908 2.989516 1.000000 -0.136515 -0.390855 3.091272 1.000000 -0.156908 -0.769545 3.175061 1.000000 -0.149311 -0.826009 3.121844 1.000000
6861568213 -0.216042 0.216238 2.985723 1.000000 -0.224729 0.282699 3.036535 1.000000 -0.219812 0.646046 3.016863 1.000000 -0.191831 0.831616 3.010993 1.000000 -0.388412 0.533499 2.996649 1.000000 -0.461904 0.286365 2.995486 1.000000 -0.452183 0.078469 2.937001 1.000000 -0.436387 -0.022487 2.914659 1.000000 -0.047801 0.530787 3.055668 1.000000 -0.005483 0.268344 3.052910 1.000000 0.010789 0.048392 2.996716 1.000000 0.002477 -0.055773 2.992088 1.000000 -0.292178 0.140793 2.966737 1.000000 -0.349903 -0.384524 3.068193 1.000000 -0.369716 -0.758905 3.127898 1.000000 -0.403521 -0.822152 3.104208 1.000000 -0.139417 0.137610 2.989879 1.000000 -0.136758 -0.391323 3.091749 1.000000 -0.156832 -0.769750 3.174779 1.000000 -0.149224 -0.826031 3.122802 1.000000
6861601326 -0.216349 0.216220 2.986320 1.000000 -0.224798 0.282989 3.036067 1.000000 -0.219606 0.644858 3.014785 1.000000 -0.191877 0.830915 3.010554 1.000000 -0.388657 0.533512 2.996718 1.000000 -0.465272 0.286509 2.997859 1.000000 -0.471187 0.042069 2.946165 1.000000 -0.450622 -0.036130 2.938424 1.000000 -0.047730 0.530728 3.055815 1.000000 -0.002769 0.265537 3.052818 1.000000 0.020050 0.021302 2.996037 1.000000 0.002734 -0.073428 2.993893 1.000000 -0.292771 0.140612 2.967822 1.000000 -0.349986 -0.384639 3.068293 1.000000 -0.369778 -0.758847 3.128359 1.000000 -0.404446 -0.822356 3.109883 1.000000 -0.139715 0.137333 2.990954 1.000000 -0.136562 -0.390969 3.092118 1.000000 -0.156797 -0.769594 3.174714 1.000000 -0.149043 -0.825767 3.124770 1.000000
6861634219 -0.216779 0.216103 2.986967 1.000000 -0.224982 0.283177 3.035722 1.000000 -0.219749 0.645393 3.014375 1.000000 -0.191946 0.830868 3.007672 1.000000 -0.389038 0.533530 2.996995 1.000000 -0.468551 0.285560 2.998912 1.000000 -0.476309 0.040602 2.951903 1.000000 -0.455522 -0.037362 2.943039 1.000000 -0.047740 0.530652 3.055832 1.000000 -0.000107 0.263798 3.051188 1.000000 0.024884 0.004384 2.995908 1.000000 0.010247 -0.077728 2.994696 1.000000 -0.293278 0.140521 2.968635 1.000000 -0.350322 -0.384547 3.068263 1.000000 -0.370883 -0.759098 3.129474 1.000000 -0.403952 -0.821793 3.108837 1.000000 -0.140179 0.136862 2.991898 1.000000 -0.136993 -0.392036 3.092618 1.000000 -0.156806 -0.770520 3.174839 1.000000 -0.149318 -0.826842 3.121867 1.000000
6861668228 -0.217265 0.216023 2.987252 1.000000 -0.225262 0.283465 3.034863 1.000000 -0.220750 0.645075 3.011809 1.000000 -0.192836 0.830945 3.006557 1.000000 -0.389423 0.533545 2.997242 1.000000 -0.471428 0.283949 2.998650 1.000000 -0.481406 0.033398 2.953970 1.000000 -0.470998 -0.045293 2.952955 1.000000 -0.047835 0.530937 3.055705 1.000000 0.001350 0.264161 3.049914 1.000000 0.034061 0.008849 2.995869 1.000000 0.022037 -0.075499 2.995247 1.000000 -0.293854 0.140433 2.969349 1.000000 -0.350552 -0.384385 3.068597 1.000000 -0.371358 -0.758866 3.130145 1.000000 -0.402818 -0.820855 3.103982 1.000000 -0.140630 0.136632 2.992286 1.000000 -0.137281 -0.392395 3.092894 1.000000 -0.156784 -0.770417 3.174623 1.000000 -0.148537 -0.831121 3.098178 1.000000
6861701161 -0.218140 0.215921 2.988169 1.000000 -0.225790 0.283586 3.034506 1.000000 -0.220859 0.645072 3.011658 1.000000 -0.193589 0.831215 3.006949 1.000000 -0.390281 0.533631 2.997558 1.000000 -0.472347 0.283143 2.998531 1.000000 -0.490169 0.029083 2.957941 1.000000 -0.485931 -0.048007 2.960972 1.000000 -0.048179 0.531387 3.055759 1.000000 0.002614 0.264642 3.047930 1.000000 0.043594 0.008943 2.994993 1.000000 0.041210 -0.074572 2.989425 1.000000 -0.295125 0.140259 2.971424 1.000000 -0.351264 -0.385775 3.069597 1.000000 -0.371120 -0.758385 3.128986 1.000000 -0.402655 -0.820520 3.103474 1.000000 -0.141359 0.136464 2.992839 1.000000 -0.137752 -0.395195 3.095104 1.000000 -0.156963 -0.771761 3.175126 1.000000 -0.144294 -0.828903 3.095966 1.000000
6861734189 -0.218535 0.215537 2.988726 1.000000 -0.225963 0.283407 3.033883 1.000000 -0.220885 0.644523 3.011131 1.000000 -0.194331 0.830651 3.005762 1.000000 -0.390421 0.533408 2.997411 1.000000 -0.473035 0.282331 2.998438 1.000000 -0.494159 0.030600 2.956408 1.000000 -0.498414 -0.046273 2.962765 1.000000 -0.048269 0.531413 3.055506 1.000000 0.003124 0.265472 3.046668 1.000000 0.051529 0.012658 2.997864 1.000000 0.049911 -0.075374 2.988007 1.000000 -0.295497 0.139958 2.972279 1.000000 -0.351828 -0.385179 3.070195 1.000000 -0.370182 -0.758650 3.129230 1.000000 -0.402639 -0.821293 3.106269 1.000000 -0.141852 0.135910 2.993468 1.000000 -0.137861 -0.395940 3.095663 1.000000 -0.157045 -0.771990 3.175020 1.000000 -0.143618 -0.828521 3.095533 1.000000
6861768325 -0.218883 0.215453 2.989085 1.000000 -0.226132 0.283479 3.033262 1.000000 -0.220907 0.644603 3.011138 1.000000 -0.194955 0.830983 3.006270 1.000000 -0.390494 0.533546 2.997304 1.000000 -0.473522 0.282062 2.997487 1.000000 -0.497226 0.031705 2.951995 1.000000 -0.507084 -0.046236 2.956311 1.000000 -0.048660 0.531815 3.055372 1.000000 0.003825 0.266458 3.045631 1.000000 0.054769 0.012881 2.994954 1.000000 0.056697 -0.079014 2.982982 1.000000 -0.295841 0.140012 2.973137 1.000000 -0.352252 -0.385670 3.070387 1.000000 -0.369928 -0.758393 3.129005 1.000000 -0.402257 -0.820941 3.106171 1.000000 -0.142228 0.135905 2.993546 1.000000 -0.137592 -0.396502 3.095841 1.000000 -0.157068 -0.771935 3.175163 1.000000 -0.143373 -0.827299 3.094888 1.000000
6861801345 -0.219416 0.215355 2.989841 1.000000 -0.226358 0.283642 3.032750 1.000000 -0.221293 0.644720 3.010397 1.000000 -0.195731 0.831503 3.006793 1.000000 -0.390707 0.533631 2.997476 1.000000 -0.473590 0.282121 2.997504 1.000000 -0.499369 0.031637 2.949784 1.000000 -0.508754 -0.044980 2.947124 1.000000 -0.049129 0.531866 3.054743 1.000000 0.004058 0.268458 3.044619 1.000000 0.056772 0.016127 2.992229 1.000000 0.057532 -0.076604 2.970939 1.000000 -0.296231 0.139956 2.974003 1.000000 -0.352799 -0.385037 3.070859 1.000000 -0.369213 -0.757995 3.128715 1.000000 -0.401034 -0.821297 3.102791 1.000000 -0.142973 0.135782 2.994836 1.000000 -0.137788 -0.397121 3.096002 1.000000 -0.157019 -0.772180 3.175196 1.000000 -0.144658 -0.827914 3.094945 1.000000
6861834032 -0.219879 0.214805 2.990295 1.000000 -0.226605 0.283333 3.032211 1.000000 -0.221767 0.644799 3.010292 1.000000 -0.198402 0.832363 3.008632 1.000000 -0.390931 0.533671 2.997345 1.000000 -0.473763 0.282021 2.996876 1.000000 -0.501222 0.033025 2.939565 1.000000 -0.505194 -0.044099 2.938735 1.000000 -0.051840 0.532327 3.053144 1.000000 0.003964 0.269706 3.043591 1.000000 0.058465 0.021990 2.985410 1.000000 0.058646 -0.072000 2.956791 1.000000 -0.296374 0.139701 2.974797 1.000000 -0.352996 -0.385154 3.071098 1.000000 -0.368813 -0.758070 3.128904 1.000000 -0.405331 -0.824054 3.092938 1.000000 -0.143449 0.135550 2.994978 1.000000 -0.138006 -0.397669 3.096137 1.000000 -0.158061 -0.772937 3.174950 1.000000 -0.140554 -0.824776 3.093026 1.000000
6861868297 -0.220320 0.214439 2.990529 1.000000 -0.226819 0.283226 3.031358 1.000000 -0.222487 0.644835 3.009185 1.000000 -0.198250 0.832768 3.009495 1.000000 -0.391070 0.533672 2.997248 1.000000 -0.474131 0.283037 2.994380 1.000000 -0.495492 0.037769 2.918354 1.000000 -0.491680 -0.039340 2.916847 1.000000 -0.052590 0.532634 3.052034 1.000000 0.003919 0.270091 3.043327 1.000000 0.052623 0.021718 2.970143 1.000000 0.054122 -0.070201 2.943074 1.000000 -0.296714 0.139421 2.975291 1.000000 -0.353042 -0.385320 3.071142 1.000000 -0.369278 -0.759524 3.131906 1.000000 -0.405641 -0.824339 3.092999 1.000000 -0.143860 0.135331 2.995178 1.000000 -0.137621 -0.396183 3.095632 1.000000 -0.158077 -0.772856 3.174978 1.000000 -0.148193 -0.823730 3.120940 1.000000
6861901224 -0.221010 0.213882 2.990708 1.000000 -0.227248 0.282791 3.030529 1.000000 -0.222849 0.644383 3.008730 1.000000 -0.199762 0.831764 3.005742 1.000000 -0.391267 0.533638 2.997416 1.000000 -0.474487 0.283612 2.993808 1.000000 -0.491890 0.039972 2.916995 1.000000 -0.482780 -0.036148 2.907868 1.000000 -0.054268 0.532847 3.050908 1.000000 0.003701 0.270182 3.042884 1.000000 0.047951 0.026947 2.959409 1.000000 0.048553 -0.067719 2.938504 1.000000 -0.297121 0.139126 2.975607 1.000000 -0.353171 -0.385576 3.071196 1.000000 -0.368562 -0.759319 3.130727 1.000000 -0.404682 -0.825917 3.095625 1.000000 -0.144771 0.135058 2.995286 1.000000 -0.137282 -0.395554 3.095345 1.000000 -0.157767 -0.772784 3.174871 1.000000 -0.148398 -0.824018 3.120940 1.000000
